"Created in Embird 2022 Build 10.66 (32-bit) on 19.02.2022 at 10:33:15
"© 1997-2022 BALARAD, s.r.o.
"https://www.embird.net
"embird@embird.net
aw 100
al 100
jump position
-0.283 -0.732
-0.287 -0.736
-0.197 -0.791
-0.276 -0.724
-0.197 -0.791
-0.268 -0.717
-0.189 -0.780
-0.264 -0.709
-0.181 -0.768
-0.256 -0.697
-0.173 -0.756
-0.252 -0.689
-0.161 -0.744
-0.244 -0.681
-0.154 -0.732
-0.236 -0.673
-0.146 -0.720
-0.232 -0.665
-0.138 -0.709
-0.228 -0.654
-0.134 -0.697
-0.224 -0.646
-0.126 -0.685
-0.220 -0.638
-0.122 -0.673
-0.213 -0.626
-0.114 -0.661
-0.209 -0.618
-0.110 -0.650
-0.209 -0.610
-0.106 -0.634
-0.205 -0.598
-0.102 -0.622
-0.201 -0.591
-0.098 -0.606
-0.197 -0.579
-0.094 -0.594
-0.193 -0.571
-0.091 -0.579
-0.193 -0.563
-0.087 -0.567
-0.193 -0.555
-0.087 -0.555
-0.189 -0.543
-0.083 -0.543
-0.189 -0.535
-0.083 -0.531
-0.181 -0.528
-0.083 -0.516
-0.177 -0.516
-0.083 -0.500
-0.169 -0.508
-0.083 -0.484
-0.165 -0.496
-0.083 -0.472
-0.157 -0.484
-0.083 -0.457
-0.150 -0.469
-0.083 -0.445
-0.142 -0.453
-0.083 -0.429
-0.138 -0.441
-0.087 -0.417
-0.134 -0.429
-0.087 -0.406
-0.134 -0.417
-0.091 -0.390
-0.130 -0.406
-0.094 -0.378
-0.130 -0.394
-0.098 -0.366
-0.130 -0.378
-0.098 -0.354
-0.126 -0.366
-0.102 -0.346
-0.122 -0.350
-0.106 -0.339
-0.122 -0.339
-0.110 -0.327
-0.118 -0.327
-0.114 -0.319
-0.118 -0.311
-0.118 -0.307
-0.118 -0.323
-0.126 -0.319
-0.122 -0.339
-0.134 -0.331
-0.122 -0.350
-0.146 -0.343
-0.126 -0.362
-0.154 -0.358
-0.126 -0.374
-0.161 -0.370
-0.126 -0.386
-0.173 -0.378
-0.130 -0.402
-0.181 -0.390
-0.130 -0.413
-0.193 -0.402
-0.134 -0.425
-0.201 -0.409
-0.138 -0.437
-0.213 -0.417
-0.142 -0.453
-0.220 -0.425
-0.146 -0.465
-0.228 -0.433
-0.154 -0.476
-0.236 -0.441
-0.157 -0.488
-0.244 -0.449
-0.165 -0.500
-0.256 -0.457
-0.173 -0.512
-0.264 -0.465
-0.177 -0.524
-0.272 -0.472
-0.185 -0.539
-0.283 -0.480
-0.201 -0.547
-0.291 -0.484
-0.213 -0.555
-0.299 -0.488
-0.224 -0.563
-0.307 -0.492
-0.236 -0.571
-0.315 -0.500
-0.248 -0.579
-0.323 -0.504
-0.260 -0.587
-0.331 -0.508
-0.276 -0.594
-0.339 -0.512
-0.287 -0.602
-0.346 -0.516
-0.299 -0.606
-0.354 -0.520
-0.311 -0.614
-0.362 -0.524
-0.323 -0.618
-0.374 -0.528
-0.335 -0.626
-0.382 -0.531
-0.346 -0.634
-0.390 -0.535
-0.362 -0.638
-0.398 -0.539
-0.374 -0.642
-0.409 -0.543
-0.386 -0.646
-0.417 -0.547
-0.398 -0.650
-0.429 -0.551
-0.413 -0.657
-0.437 -0.555
-0.425 -0.661
-0.449 -0.559
-0.437 -0.665
-0.461 -0.563
-0.453 -0.669
-0.469 -0.567
-0.465 -0.669
-0.480 -0.567
-0.476 -0.673
-0.492 -0.571
-0.492 -0.677
-0.504 -0.575
-0.504 -0.677
-0.516 -0.575
-0.520 -0.681
-0.528 -0.579
-0.531 -0.685
-0.539 -0.583
-0.547 -0.685
-0.551 -0.583
-0.563 -0.685
-0.563 -0.583
-0.575 -0.689
-0.579 -0.583
-0.591 -0.689
-0.591 -0.587
-0.606 -0.689
-0.602 -0.587
-0.622 -0.693
-0.618 -0.587
-0.638 -0.693
-0.630 -0.587
-0.650 -0.693
-0.642 -0.587
-0.665 -0.689
-0.650 -0.587
-0.677 -0.689
-0.657 -0.587
-0.693 -0.685
-0.669 -0.587
-0.709 -0.685
-0.677 -0.587
-0.720 -0.685
-0.689 -0.583
-0.736 -0.677
-0.697 -0.579
-0.748 -0.673
-0.709 -0.579
-0.760 -0.669
-0.720 -0.575
-0.776 -0.661
-0.728 -0.571
-0.787 -0.657
-0.740 -0.567
-0.799 -0.654
-0.752 -0.563
-0.811 -0.646
-0.760 -0.555
-0.827 -0.634
-0.768 -0.551
-0.839 -0.626
-0.776 -0.543
-0.850 -0.618
-0.783 -0.539
-0.862 -0.610
-0.791 -0.535
-0.874 -0.602
-0.799 -0.528
-0.882 -0.591
-0.807 -0.520
-0.894 -0.579
-0.811 -0.516
-0.902 -0.571
-0.819 -0.508
-0.909 -0.559
-0.823 -0.500
-0.917 -0.551
-0.831 -0.496
-0.929 -0.539
-0.839 -0.488
-0.933 -0.528
-0.843 -0.480
-0.941 -0.512
-0.846 -0.469
-0.949 -0.500
-0.854 -0.461
-0.953 -0.488
-0.858 -0.449
-0.961 -0.472
-0.862 -0.441
-0.969 -0.461
-0.870 -0.433
-0.969 -0.449
-0.870 -0.421
-0.972 -0.433
-0.874 -0.413
-0.976 -0.417
-0.874 -0.402
-0.980 -0.406
-0.878 -0.394
-0.984 -0.390
-0.882 -0.382
-0.984 -0.378
-0.882 -0.370
-0.984 -0.362
-0.882 -0.362
-0.984 -0.346
-0.882 -0.350
-0.984 -0.331
-0.882 -0.339
-0.984 -0.319
-0.882 -0.327
-0.984 -0.303
-0.882 -0.315
-0.980 -0.287
-0.878 -0.303
-0.980 -0.272
-0.878 -0.291
-0.976 -0.260
-0.874 -0.280
-0.972 -0.244
-0.870 -0.268
-0.969 -0.228
-0.866 -0.256
-0.965 -0.220
-0.858 -0.240
-0.961 -0.209
-0.854 -0.228
-0.953 -0.197
-0.846 -0.217
-0.949 -0.185
-0.839 -0.201
-0.945 -0.181
-0.831 -0.193
-0.941 -0.173
-0.819 -0.181
-0.937 -0.165
-0.811 -0.173
-0.933 -0.157
-0.803 -0.161
-0.929 -0.154
-0.795 -0.154
-0.933 -0.146
-0.803 -0.146
-0.937 -0.142
-0.811 -0.134
-0.941 -0.134
-0.823 -0.126
-0.945 -0.126
-0.831 -0.114
-0.949 -0.122
-0.839 -0.106
-0.957 -0.106
-0.846 -0.094
-0.961 -0.094
-0.854 -0.083
-0.965 -0.083
-0.858 -0.071
-0.972 -0.071
-0.866 -0.059
-0.972 -0.055
-0.870 -0.043
-0.976 -0.043
-0.874 -0.031
-0.980 -0.028
-0.874 -0.020
-0.984 -0.012
-0.878 -0.008
-0.984 0.000
-0.882 0.008
-0.984 0.012
-0.882 0.016
-0.984 0.028
-0.882 0.028
-0.984 0.039
-0.882 0.035
-0.984 0.055
-0.882 0.047
-0.984 0.067
-0.882 0.055
-0.984 0.079
-0.882 0.067
-0.980 0.094
-0.878 0.079
-0.980 0.106
-0.878 0.091
-0.976 0.122
-0.874 0.098
-0.972 0.134
-0.874 0.110
-0.969 0.146
-0.870 0.118
-0.965 0.157
-0.866 0.130
-0.957 0.169
-0.858 0.138
-0.953 0.185
-0.854 0.146
-0.949 0.197
-0.850 0.157
-0.941 0.209
-0.846 0.165
-0.933 0.220
-0.843 0.173
-0.925 0.232
-0.835 0.181
-0.917 0.244
-0.831 0.189
-0.909 0.256
-0.823 0.197
-0.902 0.268
-0.819 0.205
-0.890 0.276
-0.811 0.213
-0.878 0.287
-0.803 0.217
-0.866 0.295
-0.795 0.224
-0.854 0.307
-0.787 0.228
-0.843 0.315
-0.776 0.236
-0.831 0.323
-0.768 0.244
-0.819 0.335
-0.760 0.248
-0.807 0.339
-0.752 0.252
-0.795 0.346
-0.744 0.256
-0.783 0.350
-0.732 0.260
-0.772 0.354
-0.724 0.264
-0.760 0.362
-0.717 0.268
-0.748 0.366
-0.709 0.272
-0.736 0.370
-0.697 0.276
-0.720 0.374
-0.689 0.276
-0.709 0.374
-0.677 0.276
-0.693 0.378
-0.669 0.280
-0.681 0.382
-0.657 0.280
-0.665 0.382
-0.650 0.283
-0.654 0.382
-0.634 0.280
-0.642 0.382
-0.618 0.280
-0.626 0.386
-0.602 0.280
-0.614 0.386
-0.587 0.280
-0.602 0.382
-0.575 0.276
-0.594 0.382
-0.559 0.276
-0.583 0.382
-0.543 0.272
-0.571 0.382
-0.531 0.272
-0.563 0.382
-0.516 0.268
-0.551 0.370
-0.508 0.268
-0.539 0.362
-0.496 0.264
-0.528 0.350
-0.488 0.260
-0.516 0.343
-0.480 0.260
-0.504 0.331
-0.472 0.256
-0.496 0.323
-0.465 0.252
-0.484 0.311
-0.453 0.248
-0.472 0.303
-0.445 0.248
-0.461 0.291
-0.437 0.244
-0.449 0.283
-0.429 0.240
-0.437 0.272
-0.421 0.240
-0.425 0.264
-0.409 0.236
-0.413 0.252
-0.402 0.232
-0.402 0.244
-0.394 0.232
-0.394 0.232
-0.386 0.228
-0.402 0.244
-0.390 0.236
-0.413 0.252
-0.394 0.244
-0.425 0.264
-0.398 0.256
-0.437 0.272
-0.402 0.264
-0.449 0.283
-0.406 0.276
-0.461 0.291
-0.409 0.283
-0.472 0.303
-0.417 0.291
-0.484 0.311
-0.421 0.303
-0.496 0.323
-0.425 0.311
-0.508 0.331
-0.429 0.319
-0.520 0.343
-0.433 0.331
-0.528 0.350
-0.437 0.339
-0.539 0.362
-0.441 0.346
-0.551 0.370
-0.445 0.358
-0.563 0.378
-0.453 0.366
-0.567 0.390
-0.453 0.378
-0.567 0.402
-0.457 0.390
-0.571 0.413
-0.461 0.402
-0.575 0.425
-0.465 0.413
-0.575 0.437
-0.469 0.425
-0.579 0.453
-0.472 0.441
-0.583 0.465
-0.472 0.457
-0.583 0.480
-0.476 0.472
-0.587 0.496
-0.480 0.484
-0.587 0.508
-0.480 0.500
-0.587 0.524
-0.484 0.516
-0.591 0.539
-0.484 0.528
-0.591 0.555
-0.484 0.543
-0.591 0.567
-0.484 0.559
-0.591 0.583
-0.488 0.571
-0.591 0.598
-0.488 0.587
-0.591 0.610
-0.488 0.598
-0.587 0.626
-0.484 0.610
-0.587 0.638
-0.484 0.622
-0.587 0.654
-0.484 0.634
-0.583 0.665
-0.484 0.642
-0.579 0.681
-0.480 0.654
-0.575 0.693
-0.476 0.661
-0.571 0.709
-0.472 0.673
-0.563 0.720
-0.469 0.681
-0.559 0.736
-0.465 0.693
-0.555 0.748
-0.465 0.701
-0.551 0.764
-0.461 0.713
-0.543 0.776
-0.453 0.720
-0.535 0.787
-0.449 0.728
-0.528 0.799
-0.441 0.740
-0.520 0.811
-0.437 0.748
-0.508 0.823
-0.429 0.756
-0.500 0.835
-0.425 0.768
-0.492 0.846
-0.417 0.776
-0.480 0.854
-0.409 0.783
-0.469 0.866
-0.398 0.791
-0.457 0.874
-0.390 0.799
-0.445 0.886
-0.382 0.807
-0.433 0.894
-0.374 0.811
-0.421 0.906
-0.362 0.819
-0.409 0.913
-0.354 0.827
-0.398 0.921
-0.346 0.831
-0.386 0.925
-0.335 0.835
-0.374 0.929
-0.327 0.839
-0.362 0.937
-0.315 0.843
-0.350 0.941
-0.307 0.846
-0.335 0.949
-0.299 0.850
-0.323 0.953
-0.287 0.854
-0.311 0.957
-0.280 0.858
-0.295 0.961
-0.272 0.858
-0.283 0.961
-0.260 0.862
-0.268 0.965
-0.252 0.862
-0.256 0.965
-0.244 0.862
-0.240 0.969
-0.236 0.866
-0.224 0.969
-0.224 0.866
-0.209 0.969
-0.213 0.866
-0.193 0.969
-0.201 0.866
-0.181 0.969
-0.189 0.866
-0.165 0.969
-0.177 0.866
-0.150 0.965
-0.165 0.862
-0.138 0.961
-0.150 0.858
-0.126 0.957
-0.138 0.854
-0.110 0.957
-0.122 0.850
-0.098 0.953
-0.106 0.846
-0.087 0.949
-0.098 0.839
-0.079 0.945
-0.087 0.835
-0.067 0.941
-0.075 0.827
-0.055 0.937
-0.063 0.823
-0.047 0.929
-0.051 0.815
-0.039 0.925
-0.043 0.807
-0.028 0.921
-0.031 0.799
-0.020 0.917
-0.024 0.787
-0.012 0.913
-0.012 0.780
-0.004 0.906
-0.004 0.772
0.004 0.913
0.008 0.780
0.016 0.917
0.016 0.791
0.024 0.925
0.028 0.799
0.031 0.929
0.039 0.811
0.043 0.933
0.051 0.819
0.055 0.937
0.063 0.827
0.067 0.945
0.075 0.835
0.079 0.949
0.087 0.843
0.094 0.953
0.098 0.846
0.106 0.957
0.114 0.850
0.118 0.957
0.126 0.854
0.130 0.961
0.138 0.858
0.142 0.965
0.150 0.862
0.154 0.965
0.161 0.862
0.169 0.969
0.173 0.862
0.181 0.969
0.185 0.866
0.197 0.969
0.197 0.866
0.209 0.969
0.209 0.866
0.224 0.969
0.220 0.866
0.240 0.965
0.232 0.862
0.256 0.965
0.244 0.862
0.272 0.965
0.260 0.858
0.287 0.961
0.272 0.858
0.299 0.957
0.280 0.854
0.311 0.953
0.287 0.854
0.323 0.949
0.295 0.850
0.339 0.945
0.303 0.846
0.350 0.941
0.311 0.843
0.362 0.937
0.323 0.839
0.374 0.929
0.327 0.835
0.386 0.921
0.335 0.831
0.402 0.913
0.343 0.827
0.413 0.906
0.350 0.823
0.425 0.898
0.358 0.819
0.437 0.890
0.366 0.815
0.449 0.878
0.374 0.807
0.461 0.870
0.382 0.799
0.469 0.858
0.394 0.791
0.480 0.850
0.402 0.783
0.492 0.839
0.409 0.776
0.500 0.827
0.417 0.768
0.508 0.815
0.421 0.756
0.516 0.803
0.429 0.748
0.528 0.791
0.437 0.740
0.535 0.776
0.441 0.728
0.539 0.764
0.445 0.720
0.547 0.752
0.449 0.713
0.551 0.740
0.453 0.705
0.555 0.728
0.457 0.697
0.563 0.713
0.461 0.685
0.567 0.701
0.465 0.677
0.571 0.685
0.469 0.665
0.575 0.669
0.472 0.654
0.575 0.657
0.472 0.642
0.579 0.642
0.476 0.634
0.583 0.626
0.480 0.622
0.583 0.610
0.480 0.606
0.583 0.594
0.480 0.594
0.583 0.579
0.480 0.583
0.583 0.563
0.480 0.567
0.583 0.547
0.480 0.555
0.583 0.535
0.476 0.543
0.579 0.524
0.476 0.528
0.579 0.508
0.476 0.516
0.579 0.496
0.472 0.504
0.575 0.484
0.472 0.492
0.575 0.472
0.469 0.480
0.571 0.461
0.469 0.465
0.571 0.449
0.465 0.453
0.571 0.441
0.465 0.441
0.567 0.429
0.461 0.429
0.563 0.417
0.457 0.413
0.563 0.406
0.453 0.398
0.559 0.394
0.449 0.382
0.555 0.382
0.445 0.366
0.543 0.370
0.437 0.358
0.531 0.362
0.433 0.350
0.520 0.350
0.429 0.339
0.512 0.343
0.425 0.331
0.500 0.331
0.421 0.323
0.488 0.323
0.417 0.311
0.476 0.311
0.413 0.303
0.465 0.303
0.409 0.291
0.453 0.291
0.406 0.283
0.441 0.283
0.398 0.276
0.429 0.272
0.394 0.264
0.417 0.264
0.390 0.256
0.409 0.252
0.386 0.248
0.398 0.244
0.382 0.236
0.386 0.232
0.378 0.228
0.398 0.244
0.390 0.232
0.409 0.252
0.398 0.232
0.417 0.264
0.409 0.236
0.429 0.272
0.421 0.240
0.441 0.283
0.429 0.244
0.453 0.291
0.441 0.248
0.465 0.303
0.453 0.252
0.476 0.311
0.461 0.252
0.488 0.323
0.472 0.256
0.500 0.331
0.484 0.260
0.508 0.343
0.492 0.264
0.520 0.350
0.504 0.268
0.531 0.362
0.516 0.268
0.543 0.370
0.528 0.272
0.555 0.382
0.535 0.276
0.567 0.382
0.551 0.276
0.579 0.382
0.567 0.280
0.594 0.382
0.583 0.280
0.606 0.386
0.598 0.280
0.618 0.386
0.614 0.280
0.630 0.382
0.626 0.280
0.646 0.382
0.634 0.280
0.657 0.382
0.646 0.280
0.673 0.382
0.657 0.280
0.685 0.382
0.669 0.280
0.701 0.374
0.681 0.276
0.717 0.370
0.689 0.272
0.732 0.366
0.701 0.272
0.748 0.362
0.709 0.268
0.764 0.358
0.720 0.264
0.772 0.354
0.724 0.260
0.783 0.346
0.732 0.260
0.795 0.339
0.740 0.256
0.807 0.335
0.748 0.252
0.819 0.327
0.756 0.248
0.831 0.323
0.764 0.244
0.843 0.311
0.772 0.236
0.854 0.299
0.780 0.232
0.866 0.291
0.787 0.224
0.878 0.280
0.795 0.217
0.890 0.272
0.803 0.213
0.898 0.260
0.811 0.201
0.906 0.244
0.815 0.193
0.917 0.232
0.823 0.185
0.925 0.220
0.831 0.177
0.933 0.209
0.839 0.169
0.941 0.197
0.843 0.157
0.945 0.181
0.846 0.146
0.953 0.169
0.854 0.134
0.957 0.154
0.858 0.122
0.961 0.142
0.862 0.114
0.969 0.126
0.866 0.102
0.969 0.114
0.870 0.091
0.972 0.098
0.870 0.083
0.976 0.087
0.874 0.071
0.976 0.071
0.874 0.063
0.980 0.059
0.874 0.051
0.976 0.043
0.874 0.043
0.976 0.031
0.874 0.031
0.976 0.020
0.874 0.020
0.976 0.004
0.874 0.012
0.976 -0.008
0.874 0.000
0.972 -0.020
0.870 -0.012
0.972 -0.035
0.866 -0.020
0.969 -0.047
0.866 -0.031
0.965 -0.059
0.862 -0.043
0.965 -0.071
0.858 -0.055
0.961 -0.083
0.850 -0.067
0.953 -0.094
0.846 -0.079
0.949 -0.102
0.839 -0.091
0.945 -0.114
0.835 -0.102
0.941 -0.122
0.823 -0.114
0.937 -0.130
0.815 -0.122
0.933 -0.138
0.803 -0.134
0.929 -0.146
0.795 -0.146
0.925 -0.154
0.787 -0.154
0.929 -0.161
0.795 -0.165
0.933 -0.173
0.807 -0.173
0.941 -0.181
0.819 -0.185
0.945 -0.193
0.827 -0.197
0.949 -0.205
0.835 -0.209
0.953 -0.217
0.843 -0.220
0.961 -0.228
0.850 -0.232
0.965 -0.240
0.854 -0.244
0.969 -0.256
0.858 -0.260
0.969 -0.268
0.866 -0.276
0.972 -0.283
0.870 -0.291
0.976 -0.299
0.874 -0.303
0.976 -0.311
0.874 -0.315
0.976 -0.323
0.874 -0.327
0.980 -0.335
0.874 -0.339
0.980 -0.346
0.874 -0.350
0.976 -0.362
0.874 -0.358
0.976 -0.374
0.874 -0.370
0.976 -0.386
0.874 -0.378
0.972 -0.398
0.870 -0.390
0.972 -0.413
0.870 -0.402
0.969 -0.425
0.866 -0.409
0.965 -0.441
0.862 -0.421
0.961 -0.453
0.858 -0.429
0.957 -0.469
0.854 -0.441
0.953 -0.480
0.854 -0.449
0.945 -0.496
0.846 -0.461
0.937 -0.508
0.843 -0.469
0.929 -0.524
0.835 -0.476
0.921 -0.535
0.831 -0.484
0.913 -0.551
0.827 -0.492
0.902 -0.563
0.819 -0.500
0.890 -0.571
0.811 -0.508
0.878 -0.583
0.803 -0.516
0.870 -0.594
0.799 -0.524
0.858 -0.606
0.791 -0.528
0.846 -0.618
0.783 -0.535
0.835 -0.626
0.776 -0.539
0.823 -0.634
0.768 -0.547
0.811 -0.642
0.760 -0.551
0.799 -0.646
0.756 -0.555
0.783 -0.654
0.748 -0.559
0.772 -0.661
0.740 -0.563
0.760 -0.665
0.728 -0.567
0.744 -0.669
0.720 -0.571
0.732 -0.673
0.709 -0.575
0.717 -0.681
0.701 -0.579
0.705 -0.685
0.693 -0.583
0.689 -0.689
0.681 -0.587
0.673 -0.689
0.669 -0.587
0.661 -0.689
0.657 -0.587
0.646 -0.689
0.646 -0.587
0.634 -0.689
0.634 -0.587
0.618 -0.693
0.622 -0.587
0.602 -0.693
0.610 -0.591
0.591 -0.689
0.598 -0.587
0.575 -0.689
0.587 -0.587
0.559 -0.689
0.575 -0.587
0.547 -0.685
0.567 -0.583
0.531 -0.685
0.555 -0.583
0.516 -0.685
0.543 -0.583
0.504 -0.681
0.531 -0.579
0.488 -0.677
0.520 -0.579
0.476 -0.673
0.508 -0.575
0.461 -0.669
0.496 -0.571
0.449 -0.665
0.484 -0.571
0.433 -0.665
0.469 -0.567
0.421 -0.661
0.457 -0.563
0.406 -0.657
0.445 -0.559
0.390 -0.650
0.433 -0.555
0.378 -0.646
0.421 -0.551
0.362 -0.638
0.406 -0.547
0.346 -0.634
0.394 -0.539
0.335 -0.630
0.378 -0.535
0.319 -0.622
0.366 -0.531
0.307 -0.614
0.354 -0.524
0.291 -0.610
0.339 -0.516
0.280 -0.602
0.327 -0.508
0.268 -0.594
0.311 -0.500
0.252 -0.587
0.299 -0.492
0.240 -0.579
0.287 -0.484
0.228 -0.571
0.276 -0.480
0.217 -0.563
0.268 -0.472
0.205 -0.555
0.256 -0.465
0.193 -0.543
0.248 -0.457
0.181 -0.535
0.236 -0.449
0.177 -0.524
0.228 -0.441
0.169 -0.512
0.217 -0.433
0.165 -0.504
0.209 -0.425
0.161 -0.492
0.197 -0.417
0.157 -0.480
0.189 -0.409
0.154 -0.469
0.181 -0.402
0.150 -0.457
0.173 -0.394
0.146 -0.445
0.169 -0.386
0.138 -0.433
0.161 -0.378
0.134 -0.421
0.157 -0.370
0.130 -0.406
0.150 -0.358
0.122 -0.390
0.142 -0.350
0.118 -0.378
0.134 -0.343
0.114 -0.362
0.126 -0.335
0.114 -0.346
0.122 -0.327
0.110 -0.331
0.114 -0.315
0.110 -0.315
0.110 -0.307
0.110 -0.327
0.106 -0.323
0.114 -0.339
0.098 -0.335
0.114 -0.350
0.094 -0.350
0.118 -0.366
0.091 -0.362
0.118 -0.378
0.087 -0.378
0.126 -0.390
0.083 -0.390
0.130 -0.406
0.083 -0.406
0.134 -0.417
0.079 -0.417
0.142 -0.429
0.075 -0.433
0.146 -0.445
0.075 -0.445
0.150 -0.457
0.075 -0.461
0.157 -0.472
0.075 -0.476
0.161 -0.484
0.075 -0.492
0.165 -0.496
0.075 -0.508
0.169 -0.512
0.075 -0.524
0.177 -0.524
0.075 -0.539
0.181 -0.535
0.079 -0.555
0.181 -0.547
0.079 -0.567
0.185 -0.559
0.083 -0.579
0.189 -0.571
0.087 -0.594
0.189 -0.583
0.091 -0.606
0.193 -0.594
0.094 -0.622
0.201 -0.610
0.098 -0.634
0.205 -0.622
0.102 -0.650
0.209 -0.634
0.110 -0.665
0.217 -0.646
0.114 -0.677
0.220 -0.657
0.122 -0.689
0.228 -0.669
0.130 -0.701
0.236 -0.681
0.138 -0.717
0.240 -0.689
0.142 -0.728
0.244 -0.697
0.150 -0.740
0.248 -0.701
0.157 -0.748
0.256 -0.709
0.165 -0.760
0.260 -0.713
0.173 -0.772
0.264 -0.717
0.181 -0.783
0.268 -0.724
0.189 -0.791
0.280 -0.736
0.201 -0.803
0.287 -0.744
0.209 -0.815
0.299 -0.756
0.220 -0.823
0.307 -0.768
0.228 -0.835
0.319 -0.780
0.240 -0.846
0.327 -0.791
0.248 -0.858
0.339 -0.803
0.260 -0.866
0.346 -0.811
0.272 -0.874
0.358 -0.823
0.287 -0.878
0.366 -0.835
0.299 -0.886
0.378 -0.843
0.315 -0.894
0.386 -0.854
0.327 -0.898
0.398 -0.866
0.343 -0.906
0.406 -0.874
0.354 -0.909
0.413 -0.886
0.370 -0.917
0.425 -0.898
0.386 -0.921
0.433 -0.909
0.398 -0.929
0.445 -0.917
0.413 -0.937
0.453 -0.929
0.425 -0.941
0.465 -0.941
0.441 -0.949
0.472 -0.949
0.453 -0.953
0.480 -0.961
0.469 -0.961
0.488 -0.969
0.492 -0.972
0.488 -0.969
0.492 -0.972
0.476 -0.969
0.476 -0.965
0.465 -0.969
0.465 -0.957
0.449 -0.969
0.449 -0.953
0.437 -0.969
0.437 -0.945
0.421 -0.969
0.421 -0.941
0.409 -0.969
0.409 -0.933
0.394 -0.969
0.394 -0.929
0.382 -0.969
0.382 -0.921
0.366 -0.969
0.366 -0.917
0.354 -0.969
0.354 -0.909
0.343 -0.969
0.343 -0.902
0.327 -0.969
0.327 -0.898
0.315 -0.972
0.315 -0.890
0.299 -0.972
0.299 -0.886
0.287 -0.972
0.287 -0.878
0.272 -0.972
0.272 -0.874
0.260 -0.972
0.260 -0.866
0.244 -0.972
0.244 -0.866
0.228 -0.972
0.228 -0.866
0.213 -0.972
0.213 -0.866
0.197 -0.972
0.197 -0.866
0.181 -0.972
0.181 -0.866
0.165 -0.972
0.165 -0.866
0.150 -0.972
0.150 -0.866
0.138 -0.972
0.134 -0.866
0.122 -0.972
0.118 -0.866
0.106 -0.972
0.102 -0.866
0.091 -0.972
0.091 -0.866
0.075 -0.972
0.075 -0.866
0.059 -0.972
0.059 -0.866
0.043 -0.972
0.043 -0.866
0.028 -0.972
0.028 -0.866
0.012 -0.972
0.012 -0.866
-0.004 -0.972
-0.004 -0.866
-0.020 -0.972
-0.020 -0.866
-0.035 -0.972
-0.035 -0.866
-0.051 -0.972
-0.051 -0.866
-0.067 -0.972
-0.067 -0.866
-0.079 -0.972
-0.083 -0.866
-0.094 -0.972
-0.094 -0.866
-0.110 -0.972
-0.110 -0.866
-0.126 -0.972
-0.126 -0.866
-0.142 -0.972
-0.142 -0.866
-0.157 -0.972
-0.157 -0.866
-0.173 -0.972
-0.173 -0.866
-0.189 -0.972
-0.189 -0.866
-0.205 -0.972
-0.205 -0.866
-0.220 -0.972
-0.220 -0.866
-0.236 -0.972
-0.236 -0.866
-0.252 -0.972
-0.252 -0.866
-0.268 -0.972
-0.268 -0.866
-0.280 -0.972
-0.280 -0.874
-0.295 -0.972
-0.295 -0.878
-0.311 -0.972
-0.307 -0.886
-0.323 -0.972
-0.323 -0.894
-0.339 -0.972
-0.339 -0.898
-0.354 -0.972
-0.350 -0.906
-0.370 -0.972
-0.366 -0.909
-0.382 -0.972
-0.382 -0.917
-0.398 -0.972
-0.394 -0.925
-0.413 -0.972
-0.409 -0.929
-0.425 -0.972
-0.425 -0.937
-0.441 -0.972
-0.437 -0.941
-0.457 -0.972
-0.453 -0.949
-0.472 -0.972
-0.465 -0.957
-0.484 -0.972
-0.480 -0.961
-0.500 -0.972
-0.496 -0.969
-0.484 -0.965
-0.488 -0.957
-0.472 -0.961
-0.476 -0.949
-0.457 -0.953
-0.469 -0.937
-0.445 -0.945
-0.461 -0.929
-0.429 -0.941
-0.453 -0.917
-0.417 -0.933
-0.441 -0.909
-0.402 -0.929
-0.433 -0.898
-0.390 -0.921
-0.425 -0.890
-0.374 -0.917
-0.417 -0.882
-0.362 -0.909
-0.409 -0.870
-0.346 -0.906
-0.398 -0.862
-0.335 -0.898
-0.390 -0.850
-0.319 -0.894
-0.382 -0.843
-0.307 -0.886
-0.374 -0.831
-0.291 -0.878
-0.366 -0.823
-0.280 -0.874
-0.354 -0.811
-0.264 -0.866
-0.346 -0.803
-0.256 -0.858
-0.339 -0.791
-0.248 -0.846
-0.327 -0.780
-0.236 -0.835
-0.315 -0.768
-0.228 -0.823
-0.307 -0.756
-0.217 -0.815
-0.295 -0.744
-0.209 -0.803
-0.287 -0.736
-0.197 -0.791
-0.268 -0.717
