"Created in Embird 2022 Build 10.66 (32-bit) on 19.02.2022 at 10:10:49
"© 1997-2022 BALARAD, s.r.o.
"https://www.embird.net
"embird@embird.net
aw 100
al 100
jump position
-3.913 -0.976
-3.929 -0.996
-3.854 -0.937
-3.815 -0.913
-3.831 -0.839
-3.882 -0.803
-3.894 -0.724
-3.941 -0.685
-3.965 -0.598
-4.031 -0.551
-4.055 -0.465
-4.150 -0.394
-4.209 -0.283
-4.248 -0.283
-4.161 -0.224
-4.118 -0.205
-4.012 -0.118
-3.941 -0.071
-3.866 -0.035
-3.870 -0.004
-3.870 -0.087
-3.886 -0.012
-3.886 -0.094
-3.906 -0.024
-3.902 -0.106
-3.921 -0.031
-3.917 -0.118
-3.937 -0.035
-3.933 -0.126
-3.957 -0.039
-3.953 -0.138
-3.972 -0.051
-3.965 -0.146
-3.988 -0.059
-3.980 -0.154
-4.004 -0.071
-3.996 -0.161
-4.020 -0.083
-4.012 -0.169
-4.035 -0.091
-4.028 -0.181
-4.051 -0.102
-4.043 -0.189
-4.067 -0.114
-4.059 -0.201
-4.083 -0.126
-4.075 -0.209
-4.098 -0.138
-4.091 -0.220
-4.114 -0.150
-4.106 -0.232
-4.130 -0.157
-4.122 -0.244
-4.146 -0.165
-4.138 -0.256
-4.165 -0.177
-4.154 -0.268
-4.181 -0.189
-4.165 -0.280
-4.197 -0.201
-4.181 -0.295
-4.213 -0.213
-4.197 -0.303
-4.228 -0.220
-4.213 -0.315
-4.248 -0.228
-4.228 -0.327
-4.264 -0.236
-4.240 -0.335
-4.283 -0.244
-4.256 -0.346
-4.299 -0.256
-4.272 -0.354
-4.295 -0.315
-4.370 -0.358
-4.370 -0.335
-4.382 -0.374
-4.366 -0.311
-4.354 -0.382
-4.354 -0.295
-4.335 -0.382
-4.343 -0.283
-4.315 -0.378
-4.327 -0.276
-4.299 -0.370
-4.311 -0.264
-4.283 -0.362
-4.295 -0.252
-4.268 -0.350
-4.283 -0.244
-4.252 -0.343
-4.228 -0.323
-4.169 -0.268
-4.142 -0.232
-4.280 -0.339
-4.138 -0.240
-4.268 -0.350
-4.130 -0.252
-4.256 -0.358
-4.126 -0.260
-4.244 -0.370
-4.114 -0.276
-4.232 -0.386
-4.106 -0.287
-4.224 -0.398
-4.098 -0.303
-4.213 -0.409
-4.091 -0.319
-4.205 -0.421
-4.079 -0.331
-4.193 -0.433
-4.071 -0.346
-4.185 -0.441
-4.063 -0.362
-4.173 -0.453
-4.051 -0.374
-4.165 -0.465
-4.043 -0.390
-4.157 -0.476
-4.035 -0.406
-4.150 -0.492
-4.028 -0.421
-4.142 -0.504
-4.020 -0.433
-4.130 -0.520
-4.008 -0.445
-4.122 -0.535
-3.996 -0.461
-4.110 -0.547
-3.988 -0.476
-4.102 -0.559
-3.980 -0.488
-4.094 -0.575
-3.969 -0.504
-4.083 -0.591
-3.961 -0.520
-4.075 -0.602
-3.953 -0.535
-4.067 -0.618
-3.941 -0.547
-4.059 -0.634
-3.933 -0.563
-4.051 -0.650
-3.925 -0.575
-4.047 -0.657
-4.012 -0.614
-3.965 -0.591
-3.878 -0.531
-3.831 -0.504
-3.744 -0.441
-3.693 -0.413
-3.657 -0.386
-3.705 -0.402
-3.654 -0.425
-3.720 -0.402
-3.661 -0.449
-3.736 -0.409
-3.677 -0.465
-3.748 -0.417
-3.693 -0.472
-3.760 -0.429
-3.709 -0.484
-3.776 -0.437
-3.724 -0.492
-3.791 -0.449
-3.740 -0.500
-3.807 -0.461
-3.756 -0.508
-3.823 -0.469
-3.772 -0.520
-3.839 -0.476
-3.787 -0.531
-3.854 -0.484
-3.807 -0.539
-3.870 -0.496
-3.819 -0.551
-3.886 -0.508
-3.835 -0.563
-3.902 -0.524
-3.846 -0.575
-3.921 -0.531
-3.862 -0.587
-3.937 -0.535
-3.878 -0.598
-3.957 -0.543
-3.894 -0.614
-3.969 -0.555
-3.909 -0.622
-3.984 -0.563
-3.921 -0.634
-4.000 -0.567
-3.937 -0.646
-4.020 -0.575
-3.953 -0.654
-4.035 -0.583
-3.965 -0.665
-4.047 -0.598
-3.972 -0.669
-4.059 -0.614
-3.984 -0.677
-4.051 -0.665
-4.075 -0.677
-4.114 -0.701
-4.094 -0.654
-4.075 -0.717
-4.079 -0.634
-4.051 -0.709
-4.067 -0.618
-4.031 -0.705
-4.051 -0.602
-4.008 -0.701
-4.039 -0.587
-3.992 -0.693
-3.953 -0.642
-3.909 -0.598
-4.024 -0.689
-3.902 -0.610
-4.012 -0.705
-3.894 -0.622
-4.004 -0.720
-3.886 -0.634
-3.992 -0.732
-3.878 -0.646
-3.984 -0.748
-3.866 -0.657
-3.972 -0.764
-3.858 -0.669
-3.965 -0.776
-3.850 -0.685
-3.957 -0.787
-3.843 -0.701
-3.949 -0.799
-3.835 -0.717
-3.937 -0.811
-3.827 -0.732
-3.929 -0.827
-3.815 -0.744
-3.921 -0.839
-3.803 -0.756
-3.909 -0.850
-3.795 -0.764
-3.902 -0.866
-3.791 -0.772
-3.894 -0.882
-3.783 -0.780
-3.886 -0.898
-3.780 -0.787
-3.874 -0.913
-3.772 -0.795
-3.858 -0.921
-3.768 -0.807
-3.843 -0.929
-3.756 -0.819
-3.827 -0.937
-3.744 -0.835
-3.803 -0.937
-3.728 -0.846
-3.783 -0.937
-3.713 -0.957
-3.720 -0.984
-3.693 -0.988
-3.720 -1.008
-3.701 -0.953
-3.740 -1.012
-3.713 -0.929
-3.760 -1.012
-3.724 -0.906
-3.776 -1.004
-3.740 -0.906
-3.787 -1.000
-3.760 -0.906
-3.799 -0.984
-3.776 -0.906
-3.811 -0.969
-3.795 -0.906
-3.823 -0.953
-3.815 -0.906
-3.787 -0.898
-3.752 -0.894
-3.685 -0.839
-3.634 -0.819
-3.543 -0.756
-3.484 -0.728
-3.382 -0.665
-3.323 -0.638
-3.386 -0.661
-3.484 -0.724
-3.563 -0.752
-3.677 -0.823
-3.732 -0.854
-3.827 -0.929
-3.870 -0.949
-3.949 -1.008
-3.945 -0.984
-3.909 -1.008
-3.949 -0.961
-3.886 -1.012
-3.937 -0.949
-3.870 -1.004
-3.925 -0.937
-3.850 -1.000
-3.913 -0.925
-3.835 -0.992
-3.898 -0.917
-3.823 -0.980
-3.886 -0.909
-3.807 -0.969
-3.866 -0.902
-3.791 -0.961
-3.850 -0.898
-3.776 -0.953
-3.831 -0.894
-3.760 -0.945
-3.811 -0.886
-3.744 -0.933
-3.795 -0.878
-3.728 -0.925
-3.780 -0.866
-3.713 -0.913
-3.764 -0.858
-3.697 -0.906
-3.752 -0.846
-3.681 -0.898
-3.732 -0.839
-3.665 -0.886
-3.717 -0.831
-3.650 -0.878
-3.701 -0.823
-3.634 -0.870
-3.685 -0.815
-3.618 -0.858
-3.669 -0.807
-3.602 -0.850
-3.650 -0.799
-3.587 -0.839
-3.634 -0.791
-3.571 -0.831
-3.618 -0.780
-3.555 -0.823
-3.602 -0.772
-3.539 -0.811
-3.587 -0.760
-3.524 -0.803
-3.571 -0.752
-3.508 -0.791
-3.555 -0.740
-3.492 -0.783
-3.539 -0.728
-3.476 -0.772
-3.524 -0.720
-3.461 -0.764
-3.512 -0.713
-3.445 -0.756
-3.496 -0.701
-3.425 -0.748
-3.476 -0.693
-3.413 -0.736
-3.461 -0.685
-3.398 -0.728
-3.449 -0.677
-3.382 -0.717
-3.433 -0.665
-3.366 -0.709
-3.417 -0.657
-3.346 -0.701
-3.406 -0.646
-3.331 -0.689
-3.390 -0.638
-3.315 -0.681
-3.374 -0.630
-3.299 -0.673
-3.362 -0.622
-3.287 -0.657
-3.343 -0.614
-3.276 -0.646
-3.319 -0.610
-3.268 -0.630
-3.291 -0.614
-3.260 -0.606
-3.283 -0.626
-3.157 -0.531
-3.161 -0.583
-3.142 -0.563
-3.209 -0.476
-3.232 -0.354
-3.291 -0.295
-3.311 -0.197
-3.370 -0.126
-3.315 -0.185
-3.295 -0.283
-3.240 -0.343
-3.220 -0.453
-3.165 -0.520
-3.154 -0.591
-3.126 -0.583
-3.185 -0.579
-3.114 -0.555
-3.201 -0.563
-3.110 -0.539
-3.213 -0.551
-3.118 -0.528
-3.220 -0.535
-3.122 -0.516
-3.228 -0.520
-3.130 -0.500
-3.236 -0.504
-3.138 -0.488
-3.244 -0.488
-3.146 -0.472
-3.248 -0.472
-3.157 -0.457
-3.256 -0.457
-3.165 -0.441
-3.260 -0.441
-3.173 -0.425
-3.268 -0.425
-3.185 -0.409
-3.272 -0.409
-3.193 -0.394
-3.280 -0.390
-3.205 -0.378
-3.283 -0.374
-3.213 -0.362
-3.291 -0.358
-3.217 -0.343
-3.303 -0.343
-3.224 -0.327
-3.311 -0.327
-3.228 -0.311
-3.319 -0.311
-3.232 -0.291
-3.323 -0.295
-3.232 -0.276
-3.323 -0.280
-3.236 -0.260
-3.327 -0.264
-3.240 -0.240
-3.335 -0.252
-3.244 -0.224
-3.339 -0.236
-3.252 -0.209
-3.343 -0.228
-3.260 -0.193
-3.350 -0.217
-3.268 -0.177
-3.354 -0.209
-3.276 -0.165
-3.362 -0.201
-3.327 -0.138
-3.382 -0.110
-3.417 -0.122
-3.358 -0.067
-3.429 -0.150
-3.327 -0.063
-3.421 -0.161
-3.311 -0.075
-3.417 -0.169
-3.299 -0.087
-3.409 -0.181
-3.287 -0.098
-3.398 -0.189
-3.272 -0.110
-3.386 -0.201
-3.264 -0.122
-3.378 -0.217
-3.256 -0.138
-3.370 -0.228
-3.248 -0.154
-3.268 -0.173
-3.287 -0.114
-3.264 -0.197
-3.244 -0.177
-3.331 -0.110
-3.240 -0.161
-3.315 -0.098
-3.232 -0.146
-3.303 -0.083
-3.224 -0.130
-3.291 -0.075
-3.217 -0.122
-3.272 -0.067
-3.209 -0.110
-3.256 -0.059
-3.197 -0.106
-3.240 -0.047
-3.189 -0.102
-3.224 -0.035
-3.177 -0.098
-3.209 -0.028
-3.169 -0.094
-3.189 -0.024
-3.161 -0.087
-3.173 -0.016
-3.150 -0.087
-3.154 -0.012
-3.142 -0.087
-3.134 -0.012
-3.130 -0.091
-3.114 -0.012
-3.114 -0.091
-3.098 -0.012
-3.102 -0.091
-3.079 -0.012
-3.094 -0.091
-3.059 -0.016
-3.087 -0.094
-3.043 -0.016
-3.075 -0.098
-3.028 -0.024
-3.067 -0.102
-3.012 -0.031
-3.059 -0.106
-2.996 -0.043
-3.051 -0.110
-2.984 -0.055
-3.039 -0.110
-2.976 -0.071
-3.031 -0.122
-2.961 -0.083
-3.028 -0.130
-2.945 -0.091
-3.020 -0.142
-2.937 -0.106
-3.012 -0.150
-2.925 -0.122
-2.996 -0.161
-2.921 -0.138
-2.988 -0.177
-2.913 -0.154
-2.984 -0.197
-2.906 -0.169
-2.972 -0.209
-2.898 -0.181
-2.961 -0.224
-2.890 -0.197
-2.953 -0.236
-2.878 -0.209
-2.902 -0.252
-2.890 -0.354
-2.843 -0.417
-2.870 -0.461
-2.807 -0.421
-2.906 -0.461
-2.795 -0.390
-2.917 -0.453
-2.791 -0.370
-2.917 -0.437
-2.799 -0.354
-2.917 -0.413
-2.807 -0.343
-2.917 -0.394
-2.811 -0.327
-2.917 -0.374
-2.815 -0.307
-2.925 -0.358
-2.819 -0.287
-2.929 -0.339
-2.827 -0.272
-2.937 -0.323
-2.835 -0.252
-2.945 -0.307
-2.839 -0.236
-2.953 -0.291
-2.846 -0.217
-2.961 -0.276
-2.850 -0.197
-2.969 -0.260
-2.858 -0.181
-2.980 -0.244
-2.870 -0.165
-2.988 -0.228
-2.878 -0.150
-2.902 -0.165
-2.878 -0.181
-2.902 -0.205
-2.929 -0.106
-2.894 -0.189
-2.917 -0.091
-2.886 -0.169
-2.906 -0.075
-2.878 -0.157
-2.894 -0.055
-2.870 -0.138
-2.878 -0.039
-2.862 -0.122
-2.866 -0.024
-2.846 -0.114
-2.850 -0.012
-2.835 -0.106
-2.835 0.000
-2.827 -0.106
-2.815 0.004
-2.819 -0.102
-2.799 0.012
-2.811 -0.098
-2.780 0.020
-2.803 -0.098
-2.764 0.024
-2.795 -0.087
-2.744 0.024
-2.791 -0.098
-2.724 0.024
-2.783 -0.102
-2.709 0.024
-2.772 -0.102
-2.689 0.020
-2.764 -0.102
-2.673 0.016
-2.752 -0.106
-2.657 0.012
-2.744 -0.110
-2.642 0.000
-2.732 -0.110
-2.630 -0.008
-2.720 -0.122
-2.614 -0.020
-2.713 -0.130
-2.602 -0.031
-2.701 -0.142
-2.587 -0.043
-2.622 -0.122
-2.571 -0.209
-2.579 -0.319
-2.547 -0.390
-2.571 -0.421
-2.531 -0.398
-2.591 -0.409
-2.496 -0.366
-2.598 -0.394
-2.480 -0.343
-2.602 -0.382
-2.480 -0.323
-2.602 -0.366
-2.484 -0.307
-2.606 -0.350
-2.484 -0.287
-2.610 -0.335
-2.484 -0.268
-2.614 -0.319
-2.480 -0.248
-2.618 -0.303
-2.488 -0.232
-2.618 -0.287
-2.492 -0.217
-2.622 -0.276
-2.500 -0.201
-2.626 -0.264
-2.504 -0.185
-2.630 -0.252
-2.512 -0.169
-2.634 -0.240
-2.520 -0.154
-2.642 -0.228
-2.528 -0.138
-2.650 -0.217
-2.539 -0.122
-2.657 -0.205
-2.547 -0.110
-2.665 -0.189
-2.555 -0.094
-2.669 -0.177
-2.563 -0.079
-2.681 -0.165
-2.575 -0.063
-2.693 -0.154
-2.583 -0.051
-2.701 -0.142
-2.594 -0.035
-2.713 -0.130
-2.614 -0.039
jump position
-2.406 0.055
-2.362 0.012
-2.358 -0.071
-2.315 -0.122
-2.323 -0.185
-2.299 -0.165
-2.248 -0.134
-2.161 -0.067
-2.138 -0.028
-2.071 0.051
-2.106 0.091
-2.102 0.173
-2.177 0.193
-2.209 0.256
-2.339 0.232
-2.402 0.220
-2.457 0.209
-2.472 0.311
-2.528 0.374
-2.528 0.488
-2.571 0.567
-2.551 0.606
-2.587 0.575
-2.512 0.602
-2.602 0.543
-2.492 0.594
-2.614 0.520
-2.484 0.579
-2.610 0.504
-2.472 0.567
-2.606 0.484
-2.469 0.551
-2.602 0.469
-2.461 0.535
-2.598 0.453
-2.457 0.520
-2.594 0.433
-2.453 0.500
-2.591 0.417
-2.449 0.484
-2.587 0.402
-2.445 0.469
-2.583 0.386
-2.437 0.453
-2.575 0.374
-2.433 0.437
-2.567 0.358
-2.425 0.421
-2.563 0.343
-2.421 0.409
-2.555 0.327
-2.417 0.394
-2.551 0.311
-2.413 0.378
-2.547 0.295
-2.409 0.366
-2.539 0.280
-2.406 0.350
-2.535 0.264
-2.398 0.335
-2.531 0.244
-2.394 0.319
-2.528 0.228
-2.386 0.303
-2.524 0.213
-2.382 0.287
-2.520 0.197
-2.374 0.272
-2.512 0.185
-2.370 0.256
-2.504 0.173
-2.362 0.240
-2.500 0.157
-2.354 0.228
-2.492 0.146
-2.417 0.181
-2.386 0.181
-2.366 0.220
-2.457 0.150
-2.461 0.102
-2.413 0.165
-2.366 0.209
-2.469 0.165
-2.374 0.189
-2.465 0.146
-2.370 0.173
-2.465 0.130
-2.366 0.157
-2.461 0.110
-2.362 0.146
-2.457 0.094
-2.362 0.130
-2.453 0.079
-2.354 0.114
-2.449 0.067
-2.346 0.098
-2.445 0.055
-2.339 0.083
-2.441 0.043
-2.331 0.067
-2.437 0.031
-2.327 0.051
-2.433 0.020
-2.319 0.035
-2.429 0.008
-2.315 0.016
-2.425 -0.004
-2.307 0.000
-2.421 -0.016
-2.303 -0.016
-2.417 -0.028
-2.295 -0.031
-2.413 -0.039
-2.291 -0.047
-2.406 -0.055
-2.287 -0.067
-2.402 -0.067
-2.280 -0.083
-2.398 -0.079
-2.268 -0.098
-2.394 -0.087
-2.260 -0.114
-2.390 -0.098
-2.248 -0.130
-2.386 -0.110
-2.272 -0.146
-2.382 -0.122
-2.299 -0.165
-2.378 -0.138
-2.327 -0.181
-2.374 -0.154
-2.358 -0.201
-2.370 -0.173
-2.394 -0.213
-2.390 -0.193
-2.409 -0.189
-2.354 -0.213
-2.398 -0.177
-2.335 -0.209
-2.386 -0.165
-2.315 -0.201
-2.374 -0.154
-2.295 -0.197
-2.358 -0.142
-2.280 -0.185
-2.346 -0.130
-2.260 -0.177
-2.335 -0.122
-2.244 -0.169
-2.319 -0.114
-2.228 -0.161
-2.303 -0.110
-2.213 -0.154
-2.283 -0.102
-2.197 -0.142
-2.272 -0.094
-2.181 -0.134
-2.256 -0.087
-2.165 -0.122
-2.244 -0.079
-2.150 -0.110
-2.232 -0.071
-2.134 -0.098
-2.220 -0.063
-2.118 -0.087
-2.209 -0.055
-2.106 -0.075
-2.201 -0.047
-2.094 -0.059
-2.193 -0.039
-2.079 -0.043
-2.181 -0.031
-2.067 -0.028
-2.173 -0.024
-2.055 -0.012
-2.173 -0.012
-2.047 0.004
-2.169 -0.004
-2.035 0.020
-2.165 0.004
-2.028 0.039
-2.165 0.016
-2.024 0.055
-2.161 0.028
-2.020 0.075
-2.161 0.039
-2.016 0.091
-2.165 0.047
-2.020 0.110
-2.169 0.059
-2.020 0.126
-2.177 0.075
-2.024 0.142
-2.181 0.091
-2.024 0.157
-2.185 0.102
-2.028 0.173
-2.126 0.181
-2.165 0.232
-2.248 0.240
-2.299 0.248
-2.386 0.217
-2.449 0.169
-2.484 0.079
-2.429 0.083
-2.539 0.051
-2.421 0.091
-2.547 0.071
-2.417 0.098
-2.551 0.087
-2.409 0.106
-2.551 0.102
-2.402 0.114
-2.547 0.122
-2.398 0.118
-2.539 0.138
-2.390 0.126
-2.535 0.154
-2.386 0.130
-2.528 0.165
-2.382 0.138
-2.512 0.181
-2.378 0.142
-2.500 0.193
-2.374 0.146
-2.488 0.205
-2.378 0.161
-2.476 0.217
-2.366 0.157
-2.461 0.224
-2.362 0.165
-2.445 0.232
-2.358 0.173
-2.433 0.244
-2.354 0.181
-2.417 0.252
-2.343 0.185
-2.398 0.256
-2.331 0.193
-2.382 0.264
-2.323 0.197
-2.366 0.272
-2.315 0.197
-2.350 0.276
-2.307 0.201
-2.331 0.280
-2.295 0.201
-2.315 0.283
-2.287 0.205
-2.295 0.287
-2.276 0.205
-2.280 0.291
-2.264 0.205
-2.260 0.291
-2.260 0.205
-2.244 0.291
-2.252 0.205
-2.224 0.287
-2.244 0.201
-2.209 0.283
-2.240 0.201
-2.189 0.280
-2.232 0.197
-2.173 0.272
-2.228 0.197
-2.157 0.264
-2.220 0.193
-2.142 0.256
-2.213 0.189
-2.126 0.248
-2.209 0.181
-2.114 0.236
-2.201 0.177
-2.102 0.224
-2.193 0.169
-2.091 0.213
-2.185 0.161
-2.079 0.201
-2.177 0.150
-2.067 0.185
-2.173 0.138
-2.059 0.173
-2.169 0.126
-2.051 0.157
-2.161 0.114
-2.043 0.146
-2.028 0.165
-2.059 0.150
jump position
-1.906 0.236
-1.906 0.134
-1.858 0.059
-1.858 -0.008
-1.827 -0.047
-1.846 -0.067
-1.850 0.039
-1.894 0.106
-1.878 0.240
-1.835 0.276
-1.752 0.346
-1.705 0.335
-1.614 0.362
-1.555 0.319
-1.634 0.346
-1.752 0.335
-1.803 0.315
-1.890 0.260
-1.913 0.248
-1.949 0.315
-1.945 0.421
-1.972 0.449
-1.953 0.476
-1.941 0.449
-1.984 0.441
-1.925 0.437
-1.996 0.421
-1.917 0.417
-2.000 0.402
-1.913 0.406
-2.000 0.386
-1.913 0.390
-1.992 0.366
-1.909 0.370
-1.988 0.350
-1.906 0.354
-1.980 0.335
-1.902 0.339
-1.972 0.319
-1.898 0.319
-1.969 0.303
-1.894 0.303
-1.965 0.283
-1.890 0.287
-1.961 0.268
-1.890 0.272
-1.953 0.248
-1.886 0.256
-1.949 0.232
-1.882 0.236
-1.941 0.217
-1.878 0.217
-1.937 0.201
-1.874 0.197
-1.937 0.185
-1.866 0.181
-1.933 0.169
-1.858 0.161
-1.929 0.154
-1.886 0.114
-1.843 0.039
-1.839 -0.075
-1.815 -0.071
-1.854 -0.067
-1.795 -0.035
-1.866 -0.055
-1.791 -0.012
-1.874 -0.043
-1.795 0.004
-1.878 -0.024
-1.799 0.016
-1.886 -0.008
-1.807 0.024
-1.890 0.012
-1.815 0.039
-1.894 0.028
-1.823 0.055
-1.898 0.047
-1.831 0.071
-1.902 0.063
-1.835 0.087
-1.906 0.083
-1.839 0.102
-1.913 0.098
-1.843 0.118
-1.917 0.114
-1.850 0.134
-1.921 0.134
-1.858 0.150
-1.925 0.150
-1.862 0.165
-1.929 0.169
-1.866 0.181
-1.933 0.185
-1.866 0.193
-1.846 0.213
-1.886 0.244
-1.878 0.303
-1.909 0.276
-1.850 0.165
-1.902 0.287
-1.843 0.189
-1.890 0.295
-1.831 0.213
-1.874 0.307
-1.819 0.232
-1.862 0.323
-1.807 0.248
-1.846 0.335
-1.795 0.264
-1.831 0.346
-1.780 0.272
-1.815 0.354
-1.764 0.276
-1.799 0.362
-1.752 0.283
-1.783 0.370
-1.740 0.291
-1.764 0.370
-1.728 0.295
-1.748 0.374
-1.717 0.295
-1.728 0.374
-1.701 0.295
-1.713 0.382
-1.685 0.295
-1.693 0.386
-1.677 0.295
-1.677 0.386
-1.665 0.295
-1.661 0.386
-1.654 0.291
-1.642 0.386
-1.646 0.287
-1.626 0.386
-1.630 0.283
-1.606 0.386
-1.614 0.283
-1.591 0.382
-1.602 0.280
-1.575 0.378
-1.591 0.276
-1.559 0.374
-1.571 0.272
-1.547 0.370
-1.555 0.276
-1.535 0.354
-1.535 0.283
-1.524 0.335
-1.520 0.291
-1.528 0.327
-1.370 0.370
-1.425 0.248
-1.378 0.189
-1.343 0.142
-1.224 0.130
-1.240 0.110
-1.150 0.146
-1.098 0.142
-1.016 0.256
-1.047 0.303
-1.039 0.394
-1.134 0.441
-1.201 0.484
-1.280 0.445
-1.319 0.441
-1.370 0.362
-1.382 0.327
-1.409 0.217
-1.307 0.150
-1.252 0.130
-1.161 0.146
-1.067 0.146
-1.004 0.260
-1.031 0.303
-1.059 0.319
-0.969 0.319
-1.067 0.311
-0.969 0.303
-1.063 0.303
-0.969 0.283
-1.063 0.299
-0.969 0.268
-1.059 0.287
-0.969 0.252
-1.059 0.280
-0.972 0.232
-1.059 0.272
-0.980 0.217
-1.059 0.260
-0.984 0.201
-1.059 0.252
-0.992 0.185
-1.059 0.244
-1.000 0.169
-1.063 0.236
-1.012 0.154
-1.067 0.228
-1.024 0.138
-1.071 0.220
-1.035 0.130
-1.075 0.217
-1.051 0.118
-1.083 0.213
-1.067 0.106
-1.091 0.205
-1.083 0.102
-1.098 0.197
-1.098 0.094
-1.106 0.189
-1.118 0.091
-1.118 0.189
-1.138 0.087
-1.130 0.189
-1.154 0.087
-1.142 0.189
-1.173 0.083
-1.154 0.185
-1.193 0.083
-1.165 0.181
-1.209 0.083
-1.181 0.181
-1.228 0.083
-1.193 0.181
-1.248 0.083
-1.209 0.181
-1.272 0.079
-1.224 0.181
-1.291 0.079
-1.236 0.181
-1.307 0.083
-1.252 0.181
-1.327 0.087
-1.268 0.181
-1.346 0.094
-1.276 0.185
-1.366 0.098
-1.287 0.193
-1.386 0.102
-1.295 0.197
-1.406 0.110
-1.303 0.201
-1.417 0.122
-1.307 0.205
-1.433 0.134
-1.315 0.213
-1.441 0.150
-1.319 0.220
-1.453 0.165
-1.323 0.228
-1.461 0.181
-1.327 0.236
-1.469 0.197
-1.331 0.248
-1.469 0.213
-1.331 0.256
-1.469 0.228
-1.331 0.268
-1.465 0.248
-1.331 0.280
-1.465 0.264
-1.331 0.291
-1.461 0.283
-1.331 0.303
-1.457 0.299
-1.327 0.311
-1.453 0.315
-1.327 0.323
-1.445 0.331
-1.323 0.331
-1.437 0.346
-1.323 0.343
-1.429 0.362
-1.315 0.350
-1.417 0.378
-1.311 0.358
-1.409 0.394
-1.307 0.366
-1.398 0.406
-1.303 0.374
-1.382 0.421
-1.295 0.386
-1.370 0.433
-1.287 0.394
-1.354 0.441
-1.280 0.402
-1.339 0.453
-1.272 0.409
-1.323 0.465
-1.260 0.417
-1.307 0.472
-1.248 0.425
-1.291 0.480
-1.236 0.433
-1.272 0.484
-1.224 0.441
-1.256 0.492
-1.217 0.445
-1.236 0.496
-1.209 0.445
-1.217 0.500
-1.193 0.433
-1.197 0.500
-1.181 0.417
-1.181 0.500
-1.169 0.413
-1.161 0.500
-1.157 0.413
-1.146 0.500
-1.150 0.413
-1.126 0.500
-1.134 0.429
-1.106 0.504
-1.138 0.409
-1.087 0.504
-1.122 0.421
-1.075 0.492
-1.130 0.402
-1.063 0.480
-1.122 0.398
-1.051 0.469
-1.118 0.394
-1.043 0.453
-1.110 0.390
-1.031 0.441
-1.106 0.382
-1.020 0.429
-1.102 0.374
-1.012 0.413
-1.094 0.366
-1.000 0.398
-1.091 0.358
-0.992 0.382
-1.083 0.346
-0.984 0.366
-1.075 0.335
-0.976 0.350
-1.071 0.323
-0.969 0.335
-1.063 0.311
-0.965 0.319
-0.949 0.339
-0.984 0.319
jump position
-0.736 0.378
-0.740 0.287
-0.705 0.224
-0.724 0.209
-0.717 0.299
-0.748 0.350
-0.748 0.469
-0.780 0.559
-0.748 0.500
-0.756 0.402
-0.724 0.358
-0.728 0.280
-0.701 0.240
-0.736 0.307
-0.732 0.413
-0.768 0.492
-0.752 0.571
-0.799 0.685
-0.795 0.780
-0.850 0.697
-0.874 0.748
-0.878 0.677
-0.783 0.787
-0.740 0.728
-0.685 0.799
-0.657 0.780
-0.709 0.803
-0.669 0.744
-0.724 0.811
-0.681 0.720
-0.744 0.815
-0.693 0.701
-0.760 0.815
-0.709 0.693
-0.776 0.815
-0.724 0.681
-0.791 0.811
-0.736 0.673
-0.807 0.807
-0.752 0.665
-0.823 0.803
-0.764 0.661
-0.839 0.795
-0.776 0.657
-0.850 0.791
-0.783 0.654
-0.862 0.669
-0.894 0.717
-0.937 0.693
-0.906 0.752
-0.902 0.654
-0.894 0.772
-0.878 0.642
-0.882 0.780
-0.858 0.638
-0.870 0.791
-0.839 0.638
-0.854 0.799
-0.823 0.634
-0.843 0.807
-0.807 0.634
-0.827 0.815
-0.787 0.638
-0.811 0.819
-0.772 0.642
-0.752 0.661
-0.776 0.657
-0.752 0.579
-0.768 0.469
-0.748 0.598
-0.732 0.579
-0.799 0.587
-0.724 0.563
-0.823 0.563
-0.728 0.551
-0.831 0.543
-0.728 0.539
-0.823 0.528
-0.724 0.528
-0.811 0.516
-0.720 0.512
-0.803 0.500
-0.720 0.496
-0.799 0.480
-0.720 0.476
-0.795 0.469
-0.717 0.461
-0.791 0.453
-0.713 0.441
-0.791 0.437
-0.709 0.425
-0.791 0.421
-0.744 0.394
-0.709 0.319
-0.713 0.205
-0.677 0.209
-0.717 0.205
-0.654 0.244
-0.736 0.213
-0.654 0.264
-0.744 0.224
-0.657 0.276
-0.748 0.244
-0.665 0.283
-0.752 0.260
-0.669 0.291
-0.756 0.276
-0.673 0.303
-0.764 0.295
-0.681 0.311
-0.768 0.311
-0.681 0.327
-0.768 0.327
-0.685 0.339
-0.772 0.346
-0.689 0.354
-0.776 0.362
-0.693 0.366
-0.776 0.382
-0.697 0.378
-0.783 0.398
-0.701 0.394
-0.787 0.417
-0.705 0.409
-0.791 0.433
-0.709 0.425
-0.689 0.445
-0.713 0.421
jump position
-0.488 0.425
-0.492 0.331
-0.441 0.303
-0.394 0.252
-0.370 0.272
-0.323 0.260
-0.240 0.287
-0.248 0.323
-0.248 0.449
-0.291 0.535
-0.287 0.657
-0.323 0.740
-0.311 0.839
-0.343 0.902
-0.323 1.012
-0.366 1.012
-0.295 1.012
-0.394 0.984
-0.291 1.000
-0.390 0.969
-0.287 0.988
-0.390 0.949
-0.280 0.972
-0.386 0.933
-0.280 0.953
-0.386 0.917
-0.276 0.937
-0.382 0.898
-0.276 0.921
-0.378 0.882
-0.272 0.902
-0.378 0.866
-0.272 0.886
-0.374 0.850
-0.272 0.866
-0.370 0.835
-0.272 0.850
-0.366 0.815
-0.268 0.831
-0.366 0.803
-0.264 0.815
-0.362 0.787
-0.260 0.799
-0.358 0.772
-0.256 0.783
-0.358 0.756
-0.252 0.764
-0.354 0.744
-0.248 0.748
-0.354 0.728
-0.244 0.732
-0.350 0.717
-0.240 0.717
-0.346 0.701
-0.240 0.701
-0.346 0.689
-0.260 0.681
-0.220 0.705
-0.370 0.654
-0.220 0.689
-0.366 0.638
-0.220 0.677
-0.362 0.622
-0.220 0.661
-0.358 0.606
-0.217 0.646
-0.354 0.591
-0.213 0.630
-0.354 0.571
-0.213 0.614
-0.350 0.555
-0.209 0.598
-0.350 0.539
-0.205 0.583
-0.346 0.520
-0.205 0.571
-0.346 0.504
-0.201 0.559
-0.343 0.488
-0.201 0.543
-0.339 0.469
-0.197 0.531
-0.339 0.453
-0.197 0.516
-0.335 0.433
-0.197 0.504
-0.331 0.417
-0.193 0.488
-0.327 0.398
-0.193 0.469
-0.327 0.378
-0.193 0.453
-0.323 0.358
-0.193 0.437
-0.323 0.339
-0.189 0.421
-0.319 0.319
-0.189 0.409
-0.319 0.299
-0.185 0.394
-0.315 0.280
-0.181 0.386
-0.295 0.280
-0.177 0.378
-0.272 0.276
-0.173 0.362
-0.252 0.272
-0.169 0.343
-0.228 0.272
-0.161 0.323
-0.209 0.268
-0.189 0.299
-0.291 0.260
-0.354 0.276
-0.472 0.319
-0.480 0.398
-0.528 0.437
-0.484 0.535
-0.484 0.594
-0.402 0.657
-0.362 0.681
-0.268 0.713
-0.213 0.709
-0.134 0.744
-0.165 0.748
-0.134 0.709
-0.181 0.748
-0.150 0.693
-0.197 0.748
-0.165 0.681
-0.213 0.748
-0.185 0.669
-0.224 0.744
-0.201 0.661
-0.240 0.744
-0.220 0.654
-0.256 0.740
-0.236 0.650
-0.272 0.740
-0.252 0.650
-0.291 0.736
-0.272 0.650
-0.307 0.736
-0.280 0.650
-0.327 0.724
-0.291 0.646
-0.343 0.717
-0.303 0.646
-0.358 0.709
-0.315 0.646
-0.374 0.701
-0.331 0.642
-0.394 0.693
-0.343 0.642
-0.409 0.689
-0.354 0.638
-0.429 0.681
-0.366 0.638
-0.445 0.673
-0.374 0.630
-0.461 0.661
-0.386 0.622
-0.476 0.650
-0.394 0.618
-0.488 0.638
-0.402 0.610
-0.500 0.626
-0.406 0.602
-0.516 0.610
-0.413 0.594
-0.528 0.598
-0.417 0.587
-0.535 0.583
-0.421 0.579
-0.543 0.563
-0.425 0.571
-0.551 0.547
-0.429 0.563
-0.559 0.531
-0.433 0.555
-0.567 0.512
-0.437 0.543
-0.571 0.496
-0.437 0.535
-0.571 0.476
-0.437 0.524
-0.567 0.461
-0.437 0.512
-0.567 0.441
-0.437 0.496
-0.567 0.425
-0.433 0.480
-0.563 0.406
-0.429 0.469
-0.563 0.390
-0.429 0.457
-0.559 0.370
-0.425 0.445
-0.555 0.354
-0.421 0.433
-0.551 0.339
-0.421 0.421
-0.543 0.323
-0.417 0.409
-0.535 0.307
-0.413 0.398
-0.528 0.295
-0.413 0.390
-0.520 0.280
-0.409 0.382
-0.508 0.268
-0.406 0.374
-0.492 0.256
-0.398 0.370
-0.480 0.244
-0.390 0.362
-0.465 0.236
-0.382 0.358
-0.449 0.232
-0.374 0.350
-0.429 0.228
-0.366 0.346
-0.413 0.224
-0.362 0.343
-0.398 0.220
-0.354 0.343
-0.378 0.217
-0.346 0.343
-0.362 0.213
-0.335 0.343
-0.343 0.213
-0.323 0.339
-0.323 0.213
-0.307 0.343
-0.307 0.217
-0.295 0.343
-0.287 0.220
-0.283 0.343
-0.272 0.224
-0.272 0.346
-0.252 0.232
-0.260 0.346
-0.236 0.240
-0.248 0.346
-0.217 0.248
-0.236 0.346
-0.201 0.256
-0.217 0.346
-0.185 0.264
-0.197 0.346
-0.173 0.280
-0.177 0.350
-0.161 0.303
-0.154 0.346
-0.173 0.327
-0.142 0.327
-0.165 0.315
jump position
0.028 0.433
0.020 0.358
0.079 0.339
0.146 0.280
0.173 0.299
0.260 0.248
0.366 0.248
0.244 0.260
0.157 0.307
0.079 0.319
0.043 0.370
0.020 0.421
0.035 0.508
0.087 0.579
0.177 0.622
0.224 0.626
0.362 0.634
0.374 0.528
0.323 0.496
0.236 0.476
0.189 0.492
0.051 0.472
0.016 0.437
0.043 0.358
0.110 0.315
0.169 0.276
0.272 0.276
0.366 0.224
0.331 0.193
0.386 0.264
0.311 0.189
0.374 0.276
0.295 0.185
0.358 0.287
0.276 0.189
0.343 0.295
0.256 0.193
0.323 0.299
0.240 0.201
0.307 0.299
0.224 0.205
0.295 0.307
0.205 0.213
0.280 0.311
0.189 0.217
0.264 0.319
0.169 0.224
0.252 0.327
0.150 0.228
0.236 0.335
0.134 0.232
0.217 0.339
0.118 0.240
0.197 0.339
0.098 0.244
0.181 0.343
0.083 0.252
0.165 0.350
0.063 0.260
0.154 0.354
0.047 0.268
0.146 0.362
0.031 0.276
0.126 0.354
0.016 0.283
0.134 0.370
0.000 0.295
0.126 0.370
-0.016 0.307
0.122 0.378
-0.024 0.323
0.114 0.382
-0.031 0.335
0.106 0.390
-0.039 0.350
0.102 0.398
-0.047 0.366
0.102 0.406
-0.051 0.386
0.098 0.417
-0.051 0.402
0.098 0.425
-0.055 0.417
0.098 0.437
-0.047 0.433
0.098 0.449
-0.043 0.449
0.098 0.461
-0.039 0.469
0.098 0.472
-0.035 0.484
0.098 0.484
-0.031 0.500
0.102 0.492
-0.024 0.516
0.102 0.504
-0.012 0.531
0.106 0.512
-0.004 0.547
0.110 0.520
0.008 0.559
0.114 0.531
0.024 0.571
0.122 0.539
0.039 0.583
0.130 0.551
0.055 0.594
0.138 0.559
0.067 0.606
0.150 0.567
0.083 0.618
0.157 0.575
0.102 0.626
0.169 0.579
0.122 0.630
0.177 0.587
0.138 0.638
0.193 0.594
0.154 0.650
0.205 0.598
0.169 0.654
0.217 0.602
0.189 0.657
0.228 0.606
0.209 0.661
0.240 0.610
0.228 0.665
0.252 0.614
0.244 0.669
0.264 0.618
0.264 0.665
0.272 0.614
0.283 0.665
0.280 0.618
0.299 0.657
0.283 0.610
0.319 0.654
0.291 0.614
0.335 0.646
0.311 0.626
0.354 0.638
0.291 0.606
0.374 0.630
0.299 0.606
0.386 0.614
0.339 0.614
0.398 0.602
0.295 0.598
0.409 0.587
0.299 0.591
0.417 0.567
0.303 0.587
0.425 0.551
0.303 0.575
0.433 0.531
0.303 0.567
0.331 0.469
0.240 0.492
0.114 0.465
0.091 0.484
0.063 0.508
0.063 0.441
0.075 0.508
0.083 0.445
0.083 0.508
0.102 0.445
0.094 0.504
0.122 0.449
0.106 0.504
0.138 0.449
0.122 0.500
0.157 0.453
0.134 0.504
0.177 0.453
0.146 0.504
0.197 0.453
0.161 0.504
0.217 0.457
0.177 0.504
0.236 0.457
0.193 0.504
0.260 0.457
0.209 0.508
0.280 0.457
0.224 0.508
0.303 0.457
0.240 0.508
0.327 0.457
0.252 0.512
0.350 0.457
0.276 0.500
0.374 0.461
0.264 0.516
0.398 0.465
0.311 0.500
0.421 0.472
0.276 0.520
0.433 0.484
0.299 0.516
0.445 0.500
0.283 0.528
0.449 0.516
0.283 0.535
0.457 0.528
0.283 0.543
0.453 0.547
0.283 0.547
0.449 0.563
0.425 0.543
0.437 0.559
jump position
0.571 0.504
0.583 0.441
0.555 0.327
0.575 0.295
0.547 0.213
0.567 0.236
0.555 0.307
0.583 0.413
0.598 0.504
0.693 0.551
0.752 0.559
0.839 0.563
0.886 0.528
0.972 0.496
0.862 0.516
0.795 0.579
0.697 0.547
0.638 0.555
0.567 0.524
0.602 0.630
0.598 0.697
0.626 0.764
0.610 0.748
0.654 0.752
0.567 0.728
0.665 0.732
0.551 0.713
0.669 0.717
0.543 0.697
0.665 0.701
0.535 0.677
0.661 0.685
0.535 0.661
0.657 0.669
0.535 0.646
0.657 0.650
0.535 0.626
0.654 0.634
0.539 0.610
0.654 0.614
0.535 0.591
0.650 0.598
0.531 0.571
0.646 0.583
0.531 0.555
0.646 0.567
0.531 0.535
0.642 0.551
0.531 0.520
0.638 0.531
0.531 0.504
0.634 0.512
0.528 0.484
0.634 0.492
0.528 0.469
0.634 0.472
0.524 0.453
0.634 0.453
0.520 0.437
0.594 0.417
0.563 0.299
0.575 0.224
0.543 0.193
0.598 0.220
0.516 0.205
0.626 0.248
0.508 0.217
0.638 0.268
0.508 0.236
0.642 0.283
0.508 0.252
0.638 0.295
0.508 0.272
0.634 0.307
0.508 0.287
0.634 0.323
0.512 0.307
0.630 0.343
0.516 0.327
0.630 0.358
0.520 0.343
0.634 0.374
0.520 0.362
0.634 0.390
0.516 0.382
0.634 0.409
0.520 0.398
0.634 0.425
0.520 0.417
0.634 0.441
0.524 0.433
0.634 0.457
0.524 0.453
0.634 0.472
0.528 0.469
0.638 0.484
0.618 0.465
0.638 0.539
0.622 0.559
0.626 0.579
0.598 0.425
0.638 0.583
0.614 0.441
0.654 0.591
0.634 0.461
0.669 0.598
0.650 0.472
0.689 0.602
0.669 0.484
0.705 0.610
0.685 0.496
0.724 0.614
0.705 0.496
0.740 0.622
0.717 0.496
0.760 0.622
0.732 0.500
0.776 0.622
0.748 0.504
0.795 0.618
0.760 0.500
0.811 0.614
0.772 0.496
0.831 0.610
0.783 0.492
0.846 0.606
0.799 0.488
0.866 0.606
0.807 0.484
0.882 0.602
0.819 0.480
0.898 0.594
0.827 0.472
0.917 0.591
0.835 0.469
0.933 0.583
0.846 0.461
0.949 0.575
0.862 0.449
0.961 0.567
0.870 0.445
0.976 0.559
0.882 0.437
0.988 0.551
0.898 0.425
1.000 0.543
0.913 0.425
1.004 0.520
0.937 0.425
1.008 0.500
0.953 0.425
1.000 0.492
1.122 0.421
1.126 0.327
1.098 0.220
1.094 0.193
1.138 0.323
1.142 0.413
1.177 0.520
1.173 0.587
1.213 0.701
1.177 0.598
1.181 0.531
1.142 0.425
1.142 0.350
1.098 0.236
1.110 0.197
1.094 0.165
1.154 0.193
1.047 0.201
1.169 0.205
1.043 0.224
1.181 0.213
1.043 0.244
1.181 0.228
1.047 0.260
1.185 0.240
1.047 0.276
1.185 0.256
1.051 0.295
1.189 0.272
1.055 0.311
1.189 0.291
1.059 0.327
1.193 0.311
1.063 0.343
1.193 0.327
1.071 0.358
1.197 0.346
1.075 0.374
1.197 0.362
1.079 0.394
1.197 0.382
1.083 0.409
1.201 0.402
1.087 0.425
1.205 0.417
1.091 0.445
1.209 0.437
1.094 0.465
1.213 0.453
1.094 0.480
1.220 0.469
1.098 0.496
1.228 0.484
1.106 0.512
1.236 0.500
1.114 0.528
1.244 0.516
1.118 0.539
1.252 0.531
1.122 0.555
1.256 0.547
1.126 0.571
1.260 0.563
1.130 0.579
1.264 0.583
1.130 0.591
1.268 0.598
1.130 0.602
1.268 0.614
1.130 0.614
1.240 0.665
1.165 0.697
1.177 0.732
1.209 0.720
1.154 0.717
1.240 0.701
1.150 0.705
1.244 0.685
1.150 0.693
1.248 0.669
1.150 0.681
1.252 0.650
1.154 0.665
1.256 0.634
1.154 0.650
1.256 0.614
1.154 0.634
1.252 0.598
1.154 0.618
1.248 0.583
1.268 0.602
1.240 0.638
1.256 0.583
1.236 0.563
1.256 0.693
1.252 0.571
1.276 0.693
1.264 0.579
1.291 0.697
1.280 0.587
1.311 0.697
1.295 0.591
1.327 0.689
1.307 0.594
1.346 0.685
1.319 0.591
1.366 0.689
1.327 0.587
1.386 0.689
1.339 0.587
1.402 0.685
1.346 0.587
1.421 0.677
1.358 0.583
1.437 0.673
1.366 0.579
1.457 0.665
1.374 0.575
1.472 0.654
1.382 0.563
1.488 0.646
1.394 0.555
1.504 0.634
1.402 0.551
1.516 0.622
1.409 0.543
1.531 0.610
1.413 0.535
1.543 0.594
1.421 0.528
1.551 0.579
1.425 0.516
1.559 0.563
1.429 0.508
1.567 0.547
1.433 0.504
1.567 0.531
1.441 0.492
1.567 0.512
1.441 0.480
1.571 0.496
1.441 0.472
1.575 0.476
1.441 0.457
1.575 0.461
1.441 0.445
1.575 0.445
1.445 0.429
1.571 0.425
1.445 0.409
1.567 0.409
1.437 0.394
1.563 0.394
1.441 0.374
1.563 0.378
1.441 0.358
1.559 0.362
1.441 0.343
1.563 0.346
1.472 0.295
1.465 0.232
1.421 0.130
1.445 0.106
1.390 0.157
1.472 0.122
1.386 0.173
1.492 0.138
1.394 0.185
1.492 0.154
1.409 0.201
1.492 0.169
1.421 0.217
1.500 0.185
1.433 0.232
1.504 0.205
1.437 0.252
1.516 0.220
1.441 0.268
1.520 0.240
1.449 0.287
1.524 0.260
1.453 0.303
1.531 0.276
1.453 0.319
1.535 0.295
1.457 0.339
1.543 0.315
1.457 0.354
1.547 0.331
1.457 0.374
1.547 0.350
1.461 0.394
1.547 0.370
1.567 0.394
1.531 0.343
1.543 0.362
1.535 0.433
1.563 0.370
1.555 0.437
1.579 0.378
1.575 0.445
1.594 0.386
1.594 0.453
1.610 0.394
1.614 0.457
1.626 0.402
1.634 0.461
1.642 0.402
1.654 0.461
1.657 0.398
1.673 0.461
1.665 0.398
1.689 0.457
1.673 0.394
1.709 0.453
1.681 0.394
1.728 0.449
1.689 0.390
1.744 0.437
1.701 0.394
1.760 0.429
1.697 0.382
1.776 0.417
1.705 0.374
1.791 0.406
1.709 0.366
1.803 0.394
1.717 0.362
1.815 0.382
1.724 0.354
1.823 0.366
1.728 0.346
1.831 0.350
1.736 0.335
1.835 0.335
1.740 0.323
1.839 0.315
1.744 0.307
1.843 0.299
1.744 0.295
1.850 0.283
1.819 0.264
1.760 0.138
1.736 0.079
1.673 -0.024
1.685 -0.008
1.657 -0.008
1.752 -0.016
1.657 0.008
1.776 -0.004
1.665 0.024
1.787 0.012
1.669 0.035
1.795 0.028
1.677 0.047
1.803 0.043
1.685 0.063
1.819 0.059
1.689 0.079
1.831 0.071
1.697 0.094
1.835 0.091
1.705 0.110
1.843 0.106
1.709 0.118
1.846 0.122
1.713 0.130
1.850 0.138
1.717 0.142
1.850 0.154
1.720 0.154
1.854 0.173
1.720 0.169
1.858 0.189
1.724 0.181
1.858 0.209
1.724 0.197
1.862 0.224
1.724 0.213
1.862 0.240
1.728 0.228
1.862 0.260
1.728 0.244
1.866 0.276
1.724 0.260
1.866 0.295
1.724 0.276
1.866 0.311
1.720 0.291
1.862 0.331
1.846 0.319
jump position
1.980 0.185
1.984 0.122
2.004 0.051
2.098 -0.004
2.083 -0.024
2.169 -0.024
2.220 -0.063
2.343 0.012
2.343 0.059
2.382 0.142
2.331 0.220
2.280 0.303
2.201 0.291
2.157 0.315
2.083 0.260
2.047 0.244
1.980 0.146
2.035 0.055
2.075 0.000
2.157 -0.016
2.248 -0.071
2.350 0.008
2.354 0.051
2.331 0.087
2.417 0.035
2.319 0.083
2.409 0.020
2.319 0.079
2.402 0.004
2.319 0.071
2.394 -0.012
2.315 0.063
2.386 -0.028
2.311 0.055
2.374 -0.039
2.307 0.043
2.362 -0.051
2.303 0.035
2.350 -0.063
2.299 0.028
2.335 -0.075
2.295 0.024
2.319 -0.083
2.287 0.016
2.303 -0.091
2.283 0.008
2.287 -0.098
2.276 0.008
2.268 -0.102
2.268 0.004
2.252 -0.106
2.260 0.004
2.232 -0.106
2.252 0.000
2.217 -0.106
2.240 -0.004
2.197 -0.102
2.228 -0.004
2.177 -0.098
2.217 0.000
2.161 -0.094
2.205 0.008
2.146 -0.087
2.193 0.012
2.126 -0.079
2.181 0.012
2.110 -0.071
2.169 0.016
2.094 -0.063
2.157 0.024
2.075 -0.055
2.146 0.028
2.059 -0.047
2.134 0.035
2.039 -0.035
2.122 0.039
2.020 -0.028
2.110 0.047
2.008 -0.016
2.094 0.055
1.992 -0.004
2.083 0.063
1.976 0.012
2.075 0.071
1.965 0.024
2.071 0.083
1.949 0.039
2.067 0.087
1.937 0.055
2.059 0.094
1.929 0.071
2.055 0.102
1.921 0.087
2.055 0.114
1.917 0.106
2.055 0.122
1.917 0.122
2.055 0.130
1.917 0.138
2.055 0.142
1.917 0.157
2.055 0.150
1.925 0.173
2.059 0.161
1.933 0.189
2.067 0.169
1.941 0.201
2.071 0.181
1.953 0.217
2.075 0.189
1.965 0.228
2.083 0.197
1.976 0.244
2.091 0.209
1.988 0.256
2.094 0.217
2.000 0.268
2.102 0.220
2.016 0.280
2.110 0.228
2.031 0.287
2.118 0.236
2.047 0.295
2.126 0.240
2.063 0.303
2.134 0.244
2.079 0.311
2.142 0.252
2.098 0.315
2.150 0.256
2.114 0.323
2.165 0.260
2.134 0.323
2.173 0.264
2.150 0.323
2.185 0.264
2.169 0.327
2.197 0.268
2.189 0.327
2.209 0.268
2.209 0.327
2.224 0.272
2.224 0.323
2.240 0.272
2.244 0.323
2.248 0.272
2.264 0.315
2.256 0.268
2.280 0.311
2.264 0.252
2.299 0.303
2.268 0.232
2.315 0.295
2.276 0.220
2.331 0.287
2.287 0.217
2.343 0.276
2.295 0.213
2.362 0.268
2.315 0.220
2.382 0.264
2.303 0.205
2.398 0.256
2.323 0.209
2.402 0.236
2.307 0.197
2.406 0.220
2.311 0.189
2.409 0.205
2.315 0.181
2.413 0.189
2.315 0.173
2.417 0.173
2.319 0.165
2.421 0.154
2.319 0.157
2.425 0.138
2.319 0.150
2.425 0.122
2.323 0.138
2.425 0.102
2.323 0.126
2.425 0.087
2.323 0.110
2.425 0.067
2.323 0.098
2.421 0.051
2.323 0.083
2.421 0.031
2.437 0.051
2.402 0.043
jump position
2.575 0.035
2.539 -0.055
2.567 -0.094
2.594 -0.173
2.618 -0.154
2.661 -0.193
2.744 -0.193
2.760 -0.169
2.803 -0.043
2.807 0.039
2.858 0.161
2.866 0.240
2.913 0.339
2.917 0.398
2.972 0.500
2.933 0.520
3.008 0.476
2.902 0.504
3.004 0.465
2.894 0.488
3.004 0.449
2.890 0.469
3.000 0.433
2.882 0.453
2.996 0.417
2.878 0.437
2.992 0.402
2.874 0.421
2.984 0.382
2.870 0.406
2.980 0.366
2.866 0.390
2.972 0.350
2.862 0.374
2.965 0.335
2.858 0.354
2.961 0.319
2.854 0.339
2.957 0.299
2.846 0.323
2.953 0.283
2.843 0.311
2.949 0.268
2.839 0.295
2.945 0.252
2.835 0.283
2.941 0.236
2.831 0.268
2.937 0.217
2.827 0.256
2.933 0.201
2.823 0.240
2.929 0.185
2.819 0.228
2.925 0.169
2.815 0.217
2.898 0.165
2.937 0.177
2.787 0.185
2.929 0.161
2.783 0.169
2.925 0.150
2.780 0.150
2.921 0.138
2.780 0.134
2.913 0.122
2.776 0.118
2.909 0.106
2.768 0.102
2.906 0.091
2.764 0.087
2.906 0.075
2.756 0.071
2.902 0.059
2.752 0.051
2.898 0.047
2.748 0.035
2.894 0.035
2.740 0.020
2.890 0.024
2.736 0.004
2.882 0.008
2.732 -0.012
2.878 -0.004
2.728 -0.031
2.874 -0.016
2.724 -0.047
2.870 -0.031
2.717 -0.067
2.862 -0.047
2.713 -0.083
2.854 -0.063
2.705 -0.102
2.850 -0.079
2.697 -0.122
2.846 -0.091
2.689 -0.142
2.843 -0.106
2.685 -0.157
2.839 -0.122
2.677 -0.177
2.839 -0.130
2.697 -0.189
2.839 -0.138
2.717 -0.201
2.835 -0.154
2.732 -0.213
2.831 -0.173
2.752 -0.224
2.827 -0.197
2.772 -0.236
2.795 -0.205
2.693 -0.205
2.638 -0.154
2.551 -0.075
2.575 0.008
2.555 0.055
2.626 0.134
2.657 0.177
2.752 0.209
2.807 0.205
2.898 0.205
2.953 0.169
3.031 0.173
3.012 0.181
3.020 0.146
2.996 0.189
2.996 0.138
2.984 0.197
2.976 0.134
2.969 0.201
2.957 0.130
2.957 0.205
2.937 0.130
2.945 0.209
2.917 0.130
2.929 0.213
2.902 0.134
2.909 0.220
2.886 0.142
2.894 0.224
2.870 0.146
2.878 0.228
2.858 0.150
2.858 0.228
2.846 0.154
2.839 0.228
2.835 0.157
2.819 0.228
2.827 0.161
2.803 0.228
2.811 0.165
2.783 0.228
2.803 0.169
2.764 0.232
2.791 0.173
2.744 0.236
2.780 0.177
2.728 0.232
2.768 0.173
2.709 0.228
2.756 0.173
2.689 0.224
2.744 0.169
2.673 0.220
2.732 0.165
2.657 0.213
2.724 0.161
2.638 0.205
2.717 0.157
2.622 0.197
2.709 0.154
2.606 0.189
2.701 0.150
2.591 0.177
2.697 0.142
2.579 0.165
2.689 0.138
2.563 0.150
2.681 0.130
2.551 0.138
2.677 0.122
2.539 0.122
2.669 0.114
2.531 0.106
2.665 0.102
2.524 0.091
2.661 0.094
2.520 0.075
2.654 0.079
2.512 0.059
2.650 0.063
2.508 0.039
2.646 0.051
2.500 0.024
2.642 0.039
2.496 0.008
2.642 0.028
2.492 -0.008
2.638 0.016
2.488 -0.028
2.638 0.004
2.488 -0.043
2.634 -0.012
2.488 -0.059
2.634 -0.020
2.492 -0.079
2.630 -0.028
2.496 -0.094
2.630 -0.035
2.500 -0.110
2.634 -0.047
2.508 -0.126
2.634 -0.055
2.512 -0.142
2.638 -0.063
2.524 -0.154
2.642 -0.071
2.539 -0.165
2.650 -0.079
2.551 -0.177
2.654 -0.087
2.567 -0.189
2.657 -0.091
2.579 -0.201
2.665 -0.094
2.594 -0.209
2.669 -0.098
2.610 -0.220
2.681 -0.106
2.626 -0.228
2.689 -0.114
2.642 -0.236
2.705 -0.118
2.661 -0.240
2.717 -0.122
2.677 -0.244
2.728 -0.122
2.697 -0.248
2.740 -0.126
2.717 -0.248
2.748 -0.134
2.736 -0.248
2.760 -0.138
2.756 -0.248
2.772 -0.142
2.772 -0.252
2.791 -0.150
2.791 -0.248
2.807 -0.157
2.807 -0.240
2.827 -0.165
2.827 -0.224
2.846 -0.177
2.827 -0.197
2.850 -0.197
2.831 -0.209
jump position
3.028 -0.224
3.016 -0.303
3.079 -0.343
3.063 -0.366
3.142 -0.370
3.185 -0.413
3.240 -0.354
3.252 -0.272
3.303 -0.146
3.323 -0.071
3.378 0.047
3.390 0.102
3.441 0.197
3.461 0.260
3.508 0.291
3.425 0.283
3.535 0.272
3.390 0.268
3.531 0.260
3.382 0.252
3.531 0.244
3.374 0.236
3.524 0.228
3.366 0.220
3.520 0.213
3.362 0.205
3.512 0.197
3.354 0.189
3.508 0.181
3.350 0.173
3.500 0.165
3.346 0.157
3.492 0.150
3.339 0.142
3.484 0.134
3.335 0.126
3.476 0.118
3.331 0.110
3.469 0.102
3.323 0.094
3.465 0.083
3.319 0.079
3.461 0.067
3.315 0.067
3.457 0.051
3.307 0.051
3.453 0.035
3.303 0.039
3.445 0.020
3.299 0.028
3.441 0.004
3.295 0.012
3.437 -0.012
3.287 0.000
3.433 -0.028
3.283 -0.012
3.402 -0.031
3.402 -0.059
3.295 -0.004
3.394 -0.075
3.291 -0.020
3.390 -0.087
3.283 -0.035
3.382 -0.098
3.280 -0.051
3.374 -0.114
3.276 -0.067
3.370 -0.130
3.268 -0.083
3.366 -0.146
3.264 -0.098
3.362 -0.161
3.256 -0.114
3.358 -0.173
3.248 -0.130
3.350 -0.185
3.244 -0.146
3.346 -0.197
3.236 -0.165
3.343 -0.209
3.228 -0.181
3.339 -0.220
3.224 -0.197
3.331 -0.236
3.217 -0.213
3.327 -0.248
3.213 -0.232
3.319 -0.264
3.205 -0.248
3.311 -0.280
3.197 -0.264
3.303 -0.291
3.189 -0.283
3.295 -0.307
3.181 -0.303
3.291 -0.319
3.173 -0.319
3.287 -0.335
3.165 -0.339
3.283 -0.346
3.157 -0.358
3.283 -0.358
3.177 -0.370
3.280 -0.366
3.193 -0.382
3.280 -0.382
3.213 -0.394
3.272 -0.402
3.228 -0.409
3.268 -0.421
3.248 -0.421
3.173 -0.386
3.079 -0.370
3.043 -0.248
3.028 -0.201
3.051 -0.118
3.091 -0.079
3.165 0.000
3.220 -0.012
3.315 0.016
3.366 -0.028
3.457 -0.031
3.496 -0.067
3.531 -0.035
3.508 -0.075
3.520 -0.024
3.480 -0.098
3.504 -0.016
3.457 -0.102
3.492 -0.008
3.437 -0.106
3.476 0.000
3.417 -0.106
3.465 0.004
3.398 -0.106
3.453 0.012
3.378 -0.106
3.437 0.016
3.362 -0.098
3.421 0.024
3.346 -0.091
3.402 0.031
3.331 -0.087
3.386 0.035
3.323 -0.079
3.366 0.035
3.311 -0.075
3.350 0.039
3.299 -0.071
3.331 0.039
3.287 -0.067
3.311 0.039
3.276 -0.063
3.291 0.043
3.268 -0.055
3.276 0.047
3.256 -0.051
3.256 0.051
3.244 -0.047
3.236 0.047
3.232 -0.047
3.220 0.047
3.220 -0.051
3.201 0.043
3.209 -0.051
3.181 0.039
3.197 -0.055
3.165 0.035
3.189 -0.059
3.146 0.028
3.181 -0.063
3.130 0.024
3.173 -0.067
3.114 0.012
3.165 -0.071
3.098 0.004
3.157 -0.075
3.083 -0.008
3.150 -0.083
3.067 -0.020
3.146 -0.087
3.055 -0.031
3.138 -0.094
3.043 -0.047
3.130 -0.102
3.035 -0.063
3.126 -0.114
3.024 -0.079
3.118 -0.122
3.020 -0.094
3.114 -0.138
3.012 -0.110
3.106 -0.150
3.004 -0.126
3.102 -0.165
2.996 -0.142
3.098 -0.177
2.992 -0.157
3.098 -0.185
2.984 -0.173
3.094 -0.197
2.980 -0.193
3.091 -0.209
2.980 -0.209
3.087 -0.224
2.980 -0.224
3.083 -0.232
2.980 -0.244
3.083 -0.240
2.980 -0.260
3.083 -0.248
2.984 -0.276
3.083 -0.260
2.992 -0.291
3.087 -0.268
2.996 -0.307
3.087 -0.276
3.008 -0.323
3.091 -0.283
3.020 -0.335
3.094 -0.291
3.035 -0.346
3.098 -0.299
3.047 -0.358
3.106 -0.307
3.059 -0.370
3.110 -0.311
3.071 -0.382
3.118 -0.315
3.087 -0.394
3.126 -0.323
3.102 -0.402
3.134 -0.331
3.118 -0.409
3.150 -0.335
3.138 -0.417
3.161 -0.339
3.154 -0.421
3.173 -0.343
3.173 -0.425
3.185 -0.350
3.193 -0.429
3.193 -0.354
3.213 -0.429
3.205 -0.358
3.228 -0.433
3.217 -0.366
3.248 -0.437
3.232 -0.374
3.268 -0.433
3.248 -0.382
3.283 -0.429
3.268 -0.390
3.303 -0.413
3.307 -0.386
3.291 -0.429
3.311 -0.398
jump position
3.496 -0.421
3.496 -0.461
3.492 -0.528
3.563 -0.591
3.547 -0.614
3.650 -0.673
3.693 -0.756
3.638 -0.657
3.543 -0.598
3.528 -0.524
3.472 -0.484
3.528 -0.406
3.539 -0.362
3.665 -0.303
3.717 -0.335
3.807 -0.331
3.882 -0.421
3.886 -0.492
3.780 -0.520
3.740 -0.469
3.661 -0.453
3.579 -0.374
3.484 -0.413
3.516 -0.472
3.504 -0.567
3.583 -0.606
3.622 -0.681
3.724 -0.748
3.693 -0.783
3.677 -0.760
3.717 -0.752
3.661 -0.752
3.713 -0.732
3.646 -0.744
3.705 -0.717
3.630 -0.732
3.693 -0.705
3.618 -0.720
3.681 -0.689
3.606 -0.705
3.669 -0.681
3.594 -0.693
3.661 -0.669
3.583 -0.677
3.650 -0.654
3.571 -0.665
3.642 -0.642
3.555 -0.650
3.630 -0.630
3.543 -0.638
3.622 -0.614
3.531 -0.622
3.606 -0.602
3.520 -0.610
3.591 -0.591
3.508 -0.594
3.579 -0.579
3.496 -0.579
3.571 -0.567
3.484 -0.567
3.563 -0.551
3.472 -0.551
3.559 -0.547
3.461 -0.535
3.539 -0.539
3.453 -0.520
3.551 -0.531
3.445 -0.500
3.547 -0.528
3.441 -0.484
3.543 -0.520
3.441 -0.469
3.543 -0.512
3.437 -0.449
3.539 -0.500
3.441 -0.433
3.543 -0.492
3.441 -0.417
3.543 -0.484
3.445 -0.398
3.547 -0.476
3.453 -0.386
3.551 -0.465
3.461 -0.370
3.555 -0.457
3.476 -0.358
3.563 -0.445
3.488 -0.346
3.567 -0.433
3.500 -0.335
3.575 -0.425
3.512 -0.323
3.583 -0.417
3.524 -0.311
3.587 -0.409
3.539 -0.299
3.594 -0.402
3.555 -0.291
3.602 -0.398
3.571 -0.283
3.606 -0.390
3.591 -0.280
3.618 -0.382
3.606 -0.276
3.630 -0.378
3.626 -0.272
3.642 -0.374
3.646 -0.268
3.654 -0.374
3.661 -0.268
3.665 -0.370
3.681 -0.264
3.677 -0.370
3.701 -0.268
3.689 -0.370
3.720 -0.276
3.701 -0.370
3.740 -0.276
3.717 -0.370
3.756 -0.276
3.732 -0.370
3.776 -0.280
3.744 -0.374
3.795 -0.287
3.756 -0.378
3.811 -0.291
3.768 -0.378
3.831 -0.299
3.780 -0.382
3.846 -0.303
3.787 -0.386
3.862 -0.315
3.795 -0.394
3.878 -0.327
3.807 -0.394
3.890 -0.339
3.803 -0.402
3.902 -0.354
3.811 -0.402
3.913 -0.370
3.835 -0.402
3.925 -0.386
3.807 -0.409
3.937 -0.406
3.823 -0.413
3.941 -0.421
3.850 -0.425
3.945 -0.441
3.807 -0.413
3.945 -0.461
3.807 -0.421
3.945 -0.476
3.807 -0.429
3.945 -0.496
3.803 -0.441
3.941 -0.516
3.799 -0.449
3.819 -0.524
3.709 -0.480
3.630 -0.413
3.575 -0.409
3.610 -0.350
3.531 -0.433
3.618 -0.354
3.547 -0.441
3.626 -0.362
3.563 -0.449
3.634 -0.370
3.583 -0.457
3.642 -0.378
3.598 -0.465
3.654 -0.386
3.614 -0.472
3.665 -0.390
3.630 -0.484
3.677 -0.398
3.650 -0.492
3.693 -0.402
3.665 -0.500
3.705 -0.409
3.685 -0.512
3.717 -0.417
3.705 -0.520
3.732 -0.425
3.720 -0.531
3.748 -0.433
3.740 -0.543
3.764 -0.441
3.764 -0.555
3.772 -0.445
3.783 -0.563
3.787 -0.465
3.807 -0.575
3.787 -0.445
3.831 -0.583
3.819 -0.484
3.850 -0.591
3.799 -0.449
3.870 -0.587
3.819 -0.465
3.886 -0.575
3.807 -0.445
3.898 -0.567
3.811 -0.437
3.909 -0.555
3.815 -0.433
3.917 -0.539
3.819 -0.425
3.921 -0.528
3.941 -0.504
3.909 -0.524
jump position
4.039 -0.602
3.969 -0.689
3.933 -0.752
3.890 -0.815
3.870 -0.843
3.854 -0.862
3.925 -0.768
3.957 -0.717
4.059 -0.618
4.122 -0.654
4.220 -0.650
4.252 -0.717
4.319 -0.744
4.335 -0.839
4.295 -0.740
4.220 -0.681
4.165 -0.630
4.075 -0.622
4.043 -0.587
4.079 -0.539
4.157 -0.453
4.169 -0.437
4.193 -0.413
4.185 -0.461
4.146 -0.409
4.189 -0.480
4.126 -0.413
4.181 -0.496
4.106 -0.425
4.169 -0.512
4.094 -0.437
4.157 -0.520
4.083 -0.449
4.146 -0.535
4.075 -0.465
4.138 -0.547
4.067 -0.480
4.126 -0.563
4.063 -0.500
4.114 -0.575
4.051 -0.512
4.106 -0.591
4.039 -0.528
4.094 -0.602
4.028 -0.539
4.087 -0.614
4.020 -0.555
4.075 -0.626
4.008 -0.571
4.063 -0.642
4.000 -0.587
4.051 -0.657
3.992 -0.598
4.035 -0.673
3.980 -0.610
4.028 -0.689
3.969 -0.626
4.020 -0.705
3.961 -0.638
3.969 -0.720
3.929 -0.776
3.850 -0.874
3.870 -0.890
3.839 -0.835
3.909 -0.882
3.839 -0.819
3.929 -0.870
3.846 -0.803
3.941 -0.858
3.854 -0.787
3.945 -0.846
3.866 -0.776
3.945 -0.835
3.878 -0.760
3.953 -0.819
3.886 -0.744
3.961 -0.803
3.898 -0.732
3.969 -0.787
3.909 -0.717
3.980 -0.776
3.921 -0.701
3.988 -0.760
3.929 -0.685
3.996 -0.748
3.937 -0.669
4.004 -0.732
3.949 -0.654
4.012 -0.717
3.961 -0.642
4.020 -0.705
3.972 -0.626
4.031 -0.693
3.980 -0.614
4.039 -0.681
4.059 -0.661
4.067 -0.634
4.106 -0.583
4.075 -0.594
4.020 -0.689
4.091 -0.598
4.043 -0.681
4.102 -0.598
4.067 -0.673
4.122 -0.602
4.091 -0.669
4.142 -0.606
4.110 -0.669
4.161 -0.606
4.130 -0.669
4.177 -0.610
4.146 -0.677
4.197 -0.618
4.161 -0.685
4.213 -0.626
4.173 -0.689
4.228 -0.634
4.189 -0.697
4.240 -0.646
4.197 -0.701
4.252 -0.657
4.205 -0.713
4.268 -0.669
4.217 -0.720
4.280 -0.681
4.224 -0.732
4.295 -0.693
4.232 -0.740
4.307 -0.705
4.236 -0.748
4.319 -0.717
4.240 -0.760
4.331 -0.728
4.244 -0.768
4.343 -0.744
4.252 -0.783
4.350 -0.756
4.260 -0.795
4.362 -0.772
4.268 -0.807
4.366 -0.787
4.272 -0.819
4.374 -0.799
4.280 -0.835
4.378 -0.815
4.295 -0.846
4.374 -0.835
4.311 -0.858
4.370 -0.854
4.331 -0.862
4.311 -0.882
4.378 -0.839
